# timestamp workers_connected workers_init workers_idle workers_busy workers_able workers_joined workers_removed workers_released workers_idled_out workers_blocked workers_slow workers_lost tasks_waiting tasks_on_workers tasks_running tasks_with_results tasks_submitted tasks_dispatched tasks_done tasks_failed tasks_cancelled tasks_exhausted_attempts time_send time_receive time_send_good time_receive_good time_status_msgs time_internal time_polling time_application time_scheduling time_execute time_execute_good time_execute_exhaustion bytes_sent bytes_received bandwidth capacity_tasks capacity_cores capacity_memory capacity_disk capacity_instantaneous capacity_weighted total_cores total_memory total_disk committed_cores committed_memory committed_disk max_cores max_memory max_disk min_cores min_memory min_disk inuse_cache
1713644633495587 0 0 0 0 0 0 0 0 0 0 0 0 0 0 0 0 0 0 0 0 0 0 0 0 0 0 0 0 0 0 0 0 0 0 0 0 1.000000 0 0 0 0 0 0 0 0 0 0 0 0 0 0 0 0 0 0 0
1713644633499854 0 0 0 0 0 0 0 0 0 0 0 0 0 0 0 0 0 0 0 0 0 0 0 0 0 0 0 0 0 0 0 0 0 0 0 0 1.000000 10 10 5120 10240 10 10 0 0 0 0 0 0 0 0 0 0 0 0 0
1713644762420818 1 0 0 1 1 1 0 0 0 0 0 0 50 1 1 0 50 0 0 0 0 0 7799 319 0 0 465 501184 126535732 1872063 0 0 0 0 9380 0 1.000000 10 10 5120 10240 10 10 4 200000 500000 0 0 0 4 200000 500000 4 200000 500000 1
1713644765479327 1 0 0 1 1 1 0 0 0 0 0 0 46 5 5 0 50 5 0 0 0 0 15341 332 0 0 537 501224 129589700 1872063 3257 0 0 0 2130266 0 1.000000 10 10 5120 10240 10 10 4 200000 500000 4 200000 500000 4 200000 500000 4 200000 500000 3
1713644779047994 1 0 0 1 1 1 0 0 0 0 0 0 46 5 4 1 50 5 0 0 0 0 22781 372 0 0 954 501330 143150072 1872147 3257 16573152 0 0 2130266 0 1.000000 10 10 5120 10240 10 10 4 200000 500000 4 200000 500000 4 200000 500000 4 200000 500000 3
1713644779048703 1 0 0 1 1 1 0 0 0 0 0 0 45 5 5 0 50 6 1 0 0 0 23337 654 0 24 954 501349 143150073 1872147 3259 16573152 16573152 0 2665206 0 1.000000 10 10 5120 10240 10 10 4 200000 500000 4 200000 500000 4 200000 500000 4 200000 500000 3
1713644786474392 1 0 0 1 1 1 0 0 0 0 0 0 46 5 4 1 51 6 1 0 0 0 28051 674 0 24 1102 501446 150555580 1878586 3259 40564221 16573152 0 2665206 0 1.000000 312 0 0 0 312 26 4 200000 500000 4 200000 500000 4 200000 500000 4 200000 500000 3
1713644786475385 1 0 0 1 1 1 0 0 0 0 0 0 45 5 5 0 51 7 2 0 0 0 28792 9641 0 86 1102 501463 150555582 1878586 3265 40564221 40564221 0 3200146 0 1.000000 312 0 0 0 312 55 4 200000 500000 4 200000 500000 4 200000 500000 4 200000 500000 3
1713644798300793 1 0 0 1 1 1 0 0 0 0 0 0 45 5 4 1 51 7 2 0 0 0 36036 9685 0 86 1264 501598 162373020 1878727 3265 76390221 40564221 0 3200146 0 1.000000 351 0 0 0 384 72 4 200000 500000 4 200000 500000 4 200000 500000 4 200000 500000 3
1713644798301556 1 0 0 1 1 1 0 0 0 0 0 0 44 5 5 0 51 8 3 0 0 0 36564 10108 0 146 1264 501617 162373022 1878727 3270 76390221 76390221 0 3725648 0 1.000000 351 0 0 0 384 103 4 200000 500000 4 200000 500000 4 200000 500000 4 200000 500000 3
1713644813340533 1 0 0 1 1 1 0 0 0 0 0 0 44 5 4 1 51 8 3 0 0 0 45330 10153 0 146 1432 501788 177402461 1878889 3270 103253215 76390221 0 3725648 0 1.000000 452 0 0 0 671 132 4 200000 500000 4 200000 500000 4 200000 500000 4 200000 500000 3
1713644813341201 1 0 0 1 1 1 0 0 0 0 0 0 43 5 5 0 51 9 4 0 0 0 45863 10457 0 172 1432 501803 177402462 1878889 3273 103253215 103253215 0 4251151 0 1.000000 452 0 0 0 671 185 4 200000 500000 4 200000 500000 4 200000 500000 4 200000 500000 3
1713644818308307 1 0 0 1 1 1 0 0 0 0 0 0 43 5 5 0 52 10 5 0 0 0 49453 10916 0 228 1599 536077 182326145 1883746 3279 142510049 142510049 0 4776653 0 1.000000 600 0 0 0 9091 1456 4 200000 500000 4 200000 500000 4 200000 500000 4 200000 500000 3
1713644830826233 1 0 0 1 1 1 0 0 0 0 0 0 44 5 4 1 53 10 5 0 0 0 55895 10953 0 228 1755 536201 194830577 1889627 3279 175032304 142510049 0 4776653 0 1.000000 817 0 0 0 16303 2199 4 200000 500000 4 200000 500000 4 200000 500000 4 200000 500000 3
1713644830826888 1 0 0 1 1 1 0 0 0 0 0 0 43 5 5 0 53 11 6 0 0 0 56404 11887 0 265 1756 536215 194830578 1889627 3282 175032304 175032304 0 5302156 0 1.000000 817 0 0 0 16303 3575 4 200000 500000 4 200000 500000 4 200000 500000 4 200000 500000 3
1713644832406110 1 0 0 1 1 1 0 0 0 0 0 0 42 5 5 0 53 12 7 0 0 0 58199 12107 0 292 1876 536254 196407503 1889722 3284 194095120 194095120 0 5827658 0 1.000000 986 0 0 0 10734 4274 4 200000 500000 4 200000 500000 4 200000 500000 4 200000 500000 3
1713644835483733 1 0 0 1 1 1 0 0 0 0 0 0 41 5 5 0 53 13 8 0 0 0 60944 12379 0 317 2019 536323 199481802 1889784 3287 267103465 267103465 0 6353161 0 1.000000 1081 0 0 0 9295 4765 4 200000 500000 4 200000 500000 4 200000 500000 4 200000 500000 3
1713644861860859 1 0 0 1 1 1 0 0 0 0 0 0 42 5 4 1 54 13 8 0 0 0 74653 12449 0 317 2461 536594 225839414 1894569 3287 293478350 267103465 0 6353161 0 1.000000 1150 0 0 0 1388 4597 4 200000 500000 4 200000 500000 4 200000 500000 4 200000 500000 3
1713644861861649 1 0 0 1 1 1 0 0 0 0 0 0 41 5 5 0 54 14 9 0 0 0 75303 12747 0 344 2462 536609 225839415 1894569 3290 293478350 293478350 0 6888101 0 1.000000 1150 0 0 0 1388 4285 4 200000 500000 4 200000 500000 4 200000 500000 4 200000 500000 3
1713644867700620 1 0 0 1 1 1 0 0 0 0 0 0 41 5 4 1 54 14 9 0 0 0 78899 12762 0 344 2604 536681 231674191 1894670 3290 328770972 293478350 0 6888101 0 1.000000 1249 0 0 0 9278 4535 4 200000 500000 4 200000 500000 4 200000 500000 4 200000 500000 3
1713644867701362 1 0 0 1 1 1 0 0 0 0 0 0 40 5 5 0 54 15 10 0 0 0 79477 13146 0 376 2604 536696 231674193 1894670 3293 328770972 328770972 0 7423041 0 1.000000 1249 0 0 0 9278 4999 4 200000 500000 4 200000 500000 4 200000 500000 4 200000 500000 3
1713644881102333 1 0 0 1 1 1 0 0 0 0 0 0 40 5 4 1 54 15 10 0 0 0 87174 13180 0 376 2778 568977 245034475 1894860 3293 348009741 328770972 0 7423041 0 1.000000 1384 0 0 0 14129 5890 4 200000 500000 4 200000 500000 4 200000 500000 4 200000 500000 3
1713644881102932 1 0 0 1 1 1 0 0 0 0 0 0 39 5 5 0 54 16 11 0 0 0 87626 13572 0 408 2779 568995 245034476 1894860 3296 348009741 348009741 0 7477114 0 1.000000 1384 0 0 0 14129 6694 4 200000 500000 4 200000 500000 4 200000 500000 4 200000 500000 2
1713644885247195 1 0 0 1 1 1 0 0 0 0 0 0 39 5 5 0 55 17 12 0 0 0 91963 14005 0 460 3176 569076 249165977 1902340 3301 352151775 352151775 0 8012053 0 1.000000 1449 0 0 0 7288 6753 4 200000 500000 4 200000 500000 4 200000 500000 4 200000 500000 3
1713644891333245 1 0 0 1 1 1 0 0 0 0 0 0 41 5 4 1 57 17 12 0 0 0 95655 14023 0 460 3314 569140 255244203 1906002 3301 375781889 352151775 0 8012053 0 1.000000 1455 0 0 0 2158 6524 4 200000 500000 4 200000 500000 4 200000 500000 4 200000 500000 3
1713644891334069 1 0 0 1 1 1 0 0 0 0 0 0 40 5 5 0 57 18 13 0 0 0 96155 14546 0 551 3314 569155 255244205 1906002 3304 375781889 375781889 0 8537557 0 1.000000 1455 0 0 0 2158 6099 4 200000 500000 4 200000 500000 4 200000 500000 4 200000 500000 3
1713644921217622 1 0 0 1 1 1 0 0 0 0 0 0 41 5 4 1 58 18 13 0 0 0 111622 14618 0 551 3488 569437 285107003 1910520 3304 466168067 375781889 0 8537557 0 1.000000 1536 0 0 0 9363 6263 4 200000 500000 4 200000 500000 4 200000 500000 4 200000 500000 3
1713644921218629 1 0 0 1 1 1 0 0 0 0 0 0 40 5 5 0 58 19 14 0 0 0 112372 15032 0 607 3489 569458 285107004 1910520 3311 466168067 466168067 0 9072497 0 1.000000 1536 0 0 0 9363 6566 4 200000 500000 4 200000 500000 4 200000 500000 4 200000 500000 3
1713644921418309 1 0 0 1 1 1 0 0 0 0 0 0 39 5 5 0 58 20 15 0 0 0 113497 15305 0 638 3565 569483 285305103 1910578 3315 502337240 502337240 0 9126570 0 1.000000 1866 0 0 0 17439 7627 4 200000 500000 4 200000 500000 4 200000 500000 4 200000 500000 2
1713644925354737 1 0 0 1 1 1 0 0 0 0 0 0 39 5 5 0 59 21 16 0 0 0 116363 15774 0 701 3696 569540 289233395 1915165 3321 506271406 506271406 0 9661509 0 1.000000 1995 0 0 0 18558 8694 4 200000 500000 4 200000 500000 4 200000 500000 4 200000 500000 3
1713644926582787 1 0 0 1 1 1 0 0 0 0 0 0 40 5 5 0 61 22 17 0 0 0 118345 16129 0 754 3800 569578 290455457 1918649 3328 541516700 541516700 0 10187011 0 1.000000 1995 0 0 0 1970 8039 4 200000 500000 4 200000 500000 4 200000 500000 4 200000 500000 3
1713644946136740 1 0 0 1 1 1 0 0 0 0 0 0 40 5 4 1 61 22 17 0 0 0 128344 16177 0 754 3960 598700 309969697 1918833 3328 561069010 541516700 0 10187011 0 1.000000 2108 0 0 0 11485 8376 4 200000 500000 4 200000 500000 4 200000 500000 4 200000 500000 3
1713644946137407 1 0 0 1 1 1 0 0 0 0 0 0 39 5 5 0 61 23 18 0 0 0 128862 16461 0 783 3961 598717 309969698 1918833 3331 561069010 561069010 0 10712514 0 1.000000 2108 0 0 0 11485 8680 4 200000 500000 4 200000 500000 4 200000 500000 4 200000 500000 3
1713644948143225 1 0 0 1 1 1 0 0 0 0 0 0 38 5 5 0 61 24 19 0 0 0 130795 16732 0 812 4082 598754 311973010 1918950 3334 587991668 587991668 0 11238017 0 1.000000 2164 0 0 0 8047 8619 4 200000 500000 4 200000 500000 4 200000 500000 4 200000 500000 3
1713644973266848 1 0 0 1 1 1 0 0 0 0 0 0 39 5 4 1 62 24 19 0 0 0 143395 16800 0 812 4243 599014 337077623 1924376 3334 615119098 587991668 0 11238017 0 1.000000 2249 0 0 0 12617 8819 4 200000 500000 4 200000 500000 4 200000 500000 4 200000 500000 3
1713644973267604 1 0 0 1 1 1 0 0 0 0 0 0 38 5 5 0 62 25 20 0 0 0 143915 17457 0 873 4243 599029 337077625 1924376 3340 615119098 615119098 0 11763519 0 1.000000 2249 0 0 0 12617 9190 4 200000 500000 4 200000 500000 4 200000 500000 4 200000 500000 3
1713644975319100 1 0 0 1 1 1 0 0 0 0 0 0 37 5 5 0 62 26 21 0 0 0 146312 17809 0 923 4368 599086 339126101 1924438 3345 642292094 642292094 0 12298458 0 1.000000 2329 0 0 0 10180 9287 4 200000 500000 4 200000 500000 4 200000 500000 4 200000 500000 3
1713644990709389 1 0 0 1 1 1 0 0 0 0 0 0 37 5 4 1 62 26 21 0 0 0 154130 17848 0 923 4523 599231 354507859 1924570 3345 657680228 642292094 0 12298458 0 1.000000 2411 0 0 0 11563 9401 4 200000 500000 4 200000 500000 4 200000 500000 4 200000 500000 3
1713644990710402 1 0 0 1 1 1 0 0 0 0 0 0 36 5 5 0 62 27 22 0 0 0 154905 18261 0 975 4523 599248 354507861 1924570 3351 657680228 657680228 0 12339861 0 1.000000 2411 0 0 0 11563 9613 4 200000 500000 4 200000 500000 4 200000 500000 4 200000 500000 2
1713644994931678 1 0 0 1 1 1 0 0 0 0 0 0 36 5 5 0 63 28 23 0 0 0 157633 18759 0 1036 4655 599312 358721033 1929189 3355 661899777 661899777 0 12874802 0 1.000000 2440 0 0 0 4864 9151 4 200000 500000 4 200000 500000 4 200000 500000 4 200000 500000 3
1713644997288050 1 0 0 1 1 1 0 0 0 0 0 0 35 5 5 0 63 29 24 0 0 0 159690 19060 0 1064 4788 628964 361045152 1929251 3358 685917507 685917507 0 13400305 0 1.000000 2439 0 0 0 2311 8177 4 200000 500000 4 200000 500000 4 200000 500000 4 200000 500000 3
1713645018183868 1 0 0 1 1 1 0 0 0 0 0 0 35 5 4 1 63 29 24 0 0 0 169945 19122 0 1064 5105 629170 381929685 1929505 3358 706810700 685917507 0 13400305 0 1.000000 2503 0 0 0 8966 8217 4 200000 500000 4 200000 500000 4 200000 500000 4 200000 500000 3
1713645018184485 1 0 0 1 1 1 0 0 0 0 0 0 34 5 5 0 63 30 25 0 0 0 170426 19371 0 1090 5105 629185 381929686 1929505 3361 706810700 706810700 0 13925807 0 1.000000 2503 0 0 0 8966 8291 4 200000 500000 4 200000 500000 4 200000 500000 4 200000 500000 3
1713645023473448 1 0 0 1 1 1 0 0 0 0 0 0 35 5 4 1 64 30 25 0 0 0 173488 19389 0 1090 5242 629249 387214553 1930071 3361 735350725 706810700 0 13925807 0 1.000000 2549 0 0 0 6596 8207 4 200000 500000 4 200000 500000 4 200000 500000 4 200000 500000 3
1713645023474104 1 0 0 1 1 1 0 0 0 0 0 0 34 5 5 0 64 31 26 0 0 0 173991 19742 0 1124 5243 629265 387214555 1930071 3364 735350725 735350725 0 14451310 0 1.000000 2549 0 0 0 6596 8051 4 200000 500000 4 200000 500000 4 200000 500000 4 200000 500000 3
1713645042657770 1 0 0 1 1 1 0 0 0 0 0 0 35 5 4 1 65 31 26 0 0 0 182333 19796 0 1124 5398 629443 406383895 1935364 3364 754530929 735350725 0 14451310 0 1.000000 2630 0 0 0 12276 8263 4 200000 500000 4 200000 500000 4 200000 500000 4 200000 500000 3
1713645042658363 1 0 0 1 1 1 0 0 0 0 0 0 34 5 5 0 65 32 27 0 0 0 182793 20166 0 1149 5398 629457 406383897 1935364 3367 754530929 754530929 0 14976813 0 1.000000 2630 0 0 0 12276 8655 4 200000 500000 4 200000 500000 4 200000 500000 4 200000 500000 3
1713645048874856 1 0 0 1 1 1 0 0 0 0 0 0 34 5 4 1 65 32 27 0 0 0 186031 20185 0 1149 5550 629551 412596532 1935476 3367 785219649 754530929 0 14976813 0 1.000000 2660 0 0 0 4754 8460 4 200000 500000 4 200000 500000 4 200000 500000 4 200000 500000 3
1713645048875815 1 0 0 1 1 1 0 0 0 0 0 0 33 5 5 0 65 33 28 0 0 0 186747 20618 0 1195 5551 629570 412596535 1935476 3379 785219649 785219649 0 15030886 0 1.000000 2660 0 0 0 4754 8099 4 200000 500000 4 200000 500000 4 200000 500000 4 200000 500000 2
1713645053705294 1 0 0 1 1 1 0 0 0 0 0 0 32 5 5 0 65 34 29 0 0 0 189377 21130 0 1222 5676 629642 417422563 1935557 3383 790047447 790047447 0 15084959 0 1.000000 2747 0 0 0 13646 8641 4 200000 500000 4 200000 500000 4 200000 500000 4 200000 500000 2
1713645058569130 1 0 0 1 1 1 0 0 0 0 0 0 33 5 5 0 67 35 30 0 0 0 192344 21572 0 1272 5837 671829 422236707 1939457 3389 794906207 794906207 0 15139032 0 1.000000 2746 0 0 0 2551 7774 4 200000 500000 4 200000 500000 4 200000 500000 4 200000 500000 2
1713645064131894 1 0 0 1 1 1 0 0 0 0 0 0 35 5 4 1 69 35 30 0 0 0 195057 21585 0 1272 5983 671895 427792049 1943660 3389 800467969 794906207 0 15139032 0 1.000000 2719 0 0 0 1065 7439 4 200000 500000 4 200000 500000 4 200000 500000 4 200000 500000 2
1713645064132943 1 0 0 1 1 1 0 0 0 0 0 0 34 5 5 0 69 36 31 0 0 0 195848 22071 0 1320 5984 671916 427792050 1943660 3396 800467969 800467969 0 15673973 0 1.000000 2719 0 0 0 1065 6819 4 200000 500000 4 200000 500000 4 200000 500000 4 200000 500000 3
1713645072271196 1 0 0 1 1 1 0 0 0 0 0 0 36 5 4 1 71 36 31 0 0 0 200156 22091 0 1320 6126 672012 435922018 1947148 3396 947382877 800467969 0 15673973 0 1.000000 2721 0 0 0 2987 6628 4 200000 500000 4 200000 500000 4 200000 500000 4 200000 500000 3
1713645072271948 1 0 0 1 1 1 0 0 0 0 0 0 35 5 5 0 71 37 32 0 0 0 200658 22519 0 1385 6126 672027 435922020 1947148 3402 947382877 947382877 0 16208913 0 1.000000 2721 0 0 0 2987 6274 4 200000 500000 4 200000 500000 4 200000 500000 4 200000 500000 3
1713645094152783 1 0 0 1 1 1 0 0 0 0 0 0 36 5 4 1 72 37 32 0 0 0 210633 22574 0 1385 6246 672263 457787453 1951929 3402 1223226217 947382877 0 16208913 0 1.000000 3195 0 0 0 62305 9076 4 200000 500000 4 200000 500000 4 200000 500000 4 200000 500000 3
1713645094153348 1 0 0 1 1 1 0 0 0 0 0 0 35 5 5 0 72 38 33 0 0 0 211058 22886 0 1411 6247 672277 457787454 1951929 3405 1223226217 1223226217 0 16262986 0 1.000000 3195 0 0 0 62305 14267 4 200000 500000 4 200000 500000 4 200000 500000 4 200000 500000 2
1713645097349044 1 0 0 1 1 1 0 0 0 0 0 0 34 5 5 0 72 39 34 0 0 0 213857 23330 0 1462 6379 672329 460979635 1951991 3411 1226419228 1226419228 0 16797925 0 1.000000 4098 0 0 0 140094 26536 4 200000 500000 4 200000 500000 4 200000 500000 4 200000 500000 3
1713645101950478 1 0 0 1 1 1 0 0 0 0 0 0 35 5 5 0 74 40 35 0 0 0 217260 23742 0 1506 6516 672419 465573363 1955619 3416 1264234193 1264234193 0 17332864 0 1.000000 4078 0 0 0 1455 24091 4 200000 500000 4 200000 500000 4 200000 500000 4 200000 500000 3
1713645132164767 1 0 0 1 1 1 0 0 0 0 0 0 36 5 4 1 75 40 35 0 0 0 232316 23815 0 1506 6849 705693 495733955 1960213 3416 1299048273 1264234193 0 17332864 0 1.000000 4171 0 0 0 15849 23288 4 200000 500000 4 200000 500000 4 200000 500000 4 200000 500000 3
1713645132165512 1 0 0 1 1 1 0 0 0 0 0 0 35 5 5 0 75 41 36 0 0 0 232850 24293 0 1545 6850 705720 495733958 1960213 3425 1299048273 1299048273 0 17374267 0 1.000000 4171 0 0 0 15849 22564 4 200000 500000 4 200000 500000 4 200000 500000 4 200000 500000 2
1713645137805211 1 0 0 1 1 1 0 0 0 0 0 0 36 5 4 1 76 41 36 0 0 0 235336 24303 0 1545 7002 705790 501364911 1965908 3425 1304686615 1299048273 0 17374267 0 1.000000 4251 0 0 0 14021 22137 4 200000 500000 4 200000 500000 4 200000 500000 4 200000 500000 2
1713645137805855 1 0 0 1 1 1 0 0 0 0 0 0 35 5 5 0 76 42 37 0 0 0 235736 24830 0 1603 7002 705810 501364912 1965908 3428 1304686615 1304686615 0 17377173 0 1.000000 4251 0 0 0 14021 21347 4 200000 500000 4 200000 500000 4 200000 500000 4 200000 500000 2
1713645138113546 1 0 0 1 1 1 0 0 0 0 0 0 34 5 5 0 76 43 38 0 0 0 237021 25191 0 1655 7122 705838 501670719 1965969 3434 1340847411 1340847411 0 17912113 0 1.000000 4241 0 0 0 2756 19535 4 200000 500000 4 200000 500000 4 200000 500000 4 200000 500000 2
1713645140447738 1 0 0 1 1 1 0 0 0 0 0 0 34 5 5 0 77 44 39 0 0 0 239437 25552 0 1702 7251 705884 503997500 1970396 3439 1343487035 1343487035 0 18447053 0 1.000000 4325 0 0 0 15252 19118 4 200000 500000 4 200000 500000 4 200000 500000 4 200000 500000 3
1713645158800197 1 0 0 1 1 1 0 0 0 0 0 0 34 5 4 1 77 44 39 0 0 0 248440 25593 0 1702 7407 706076 522340146 1970553 3439 1364171890 1343487035 0 18447053 0 1.000000 4311 0 0 0 1601 18243 4 200000 500000 4 200000 500000 4 200000 500000 4 200000 500000 3
1713645158800758 1 0 0 1 1 1 0 0 0 0 0 0 33 5 5 0 77 45 40 0 0 0 248844 25954 0 1730 7407 706090 522340148 1970553 3442 1364171890 1364171890 0 18501126 0 1.000000 4311 0 0 0 1601 16621 4 200000 500000 4 200000 500000 4 200000 500000 4 200000 500000 2
1713645160620159 1 0 0 1 1 1 0 0 0 0 0 0 33 5 5 0 78 46 41 0 0 0 250363 26331 0 1790 7538 706134 524152773 1975235 3445 1452516690 1452516690 0 19026629 0 1.000000 4343 0 0 0 8399 15820 4 200000 500000 4 200000 500000 4 200000 500000 4 200000 500000 2
1713645164324853 1 0 0 1 1 1 0 0 0 0 0 0 33 5 5 0 79 47 42 0 0 0 252468 26591 0 1814 7670 706186 527850758 1979363 3448 1458039024 1458039024 0 19029535 0 1.000000 4575 0 0 0 26515 16863 4 200000 500000 4 200000 500000 4 200000 500000 4 200000 500000 2
1713645165187134 1 0 0 1 1 1 0 0 0 0 0 0 34 5 5 0 81 48 43 0 0 0 253675 26926 0 1858 7762 706214 528707958 1982756 3453 1482776243 1482776243 0 19083608 0 1.000000 4568 0 0 0 3249 15537 4 200000 500000 4 200000 500000 4 200000 500000 4 200000 500000 2
1713645168321840 1 0 0 1 1 1 0 0 0 0 0 0 34 5 5 0 82 49 44 0 0 0 255459 27255 0 1886 7840 706261 531836478 1986679 3456 1486771698 1486771698 0 19618548 0 1.000000 4612 0 0 0 10531 15050 4 200000 500000 4 200000 500000 4 200000 500000 4 200000 500000 2
1713645170332329 1 0 0 1 1 1 0 0 0 0 0 0 33 5 5 0 82 50 45 0 0 0 257710 27676 0 1930 7956 706313 533844043 1986733 3461 1491914651 1491914651 0 20153488 0 1.000000 4606 0 0 0 3060 13882 4 200000 500000 4 200000 500000 4 200000 500000 4 200000 500000 3
1713645189245319 1 0 0 1 1 1 0 0 0 0 0 0 35 5 4 1 84 50 45 0 0 0 266375 27729 0 1930 8139 737762 552712878 1990213 3461 1512836158 1491914651 0 20153488 0 1.000000 4594 0 0 0 2696 12792 4 200000 500000 4 200000 500000 4 200000 500000 4 200000 500000 3
1713645189246003 1 0 0 1 1 1 0 0 0 0 0 0 34 5 5 0 84 51 46 0 0 0 266802 28213 0 1987 8140 737781 552712879 1990213 3467 1512836158 1512836158 0 20156394 0 1.000000 4594 0 0 0 2696 11809 4 200000 500000 4 200000 500000 4 200000 500000 4 200000 500000 2
1713645193450070 1 0 0 1 1 1 0 0 0 0 0 0 34 5 5 0 85 52 47 0 0 0 269666 28529 0 2038 8295 737846 556908140 1995589 3470 1517038452 1517038452 0 20681897 0 1.000000 4622 0 0 0 7989 11437 4 200000 500000 4 200000 500000 4 200000 500000 4 200000 500000 3
1713645230411568 1 0 0 1 1 1 0 0 0 0 0 0 34 5 4 1 85 52 47 0 0 0 287470 28610 0 2038 8469 738197 593850715 1995832 3470 1586828120 1517038452 0 20681897 0 1.000000 4611 0 0 0 2527 10992 4 200000 500000 4 200000 500000 4 200000 500000 4 200000 500000 3
1713645230412433 1 0 0 1 1 1 0 0 0 0 0 0 33 5 5 0 85 53 48 0 0 0 288064 29063 0 2106 8470 738213 593850717 1995832 3477 1586828120 1586828120 0 20735970 0 1.000000 4611 0 0 0 2527 10167 4 200000 500000 4 200000 500000 4 200000 500000 4 200000 500000 2
1713645248128613 1 0 0 1 1 1 0 0 0 0 0 0 33 5 4 1 85 53 48 0 0 0 296659 29102 0 2106 8824 772092 611523503 1996046 3477 1641504831 1586828120 0 20735970 0 1.000000 4789 0 0 0 30056 12107 4 200000 500000 4 200000 500000 4 200000 500000 4 200000 500000 2
1713645248129308 1 0 0 1 1 1 0 0 0 0 0 0 32 5 5 0 85 54 49 0 0 0 297118 29582 0 2164 8825 772111 611523504 1996046 3480 1641504831 1641504831 0 21270909 0 1.000000 4789 0 0 0 30056 13858 4 200000 500000 4 200000 500000 4 200000 500000 4 200000 500000 2
1713645250437248 1 0 0 1 1 1 0 0 0 0 0 0 31 5 5 0 85 55 50 0 0 0 298935 29838 0 2193 8956 772157 613829036 1996173 3483 1661527854 1661527854 0 21273815 0 1.000000 4919 0 0 0 22697 14720 4 200000 500000 4 200000 500000 4 200000 500000 4 200000 500000 2
1713645254362824 1 0 0 1 1 1 0 0 0 0 0 0 32 5 5 0 87 56 51 0 0 0 301634 30264 0 2238 9103 772228 617746687 2000724 3489 1665451192 1665451192 0 21808755 0 1.000000 5823 0 0 0 10517 14311 4 200000 500000 4 200000 500000 4 200000 500000 4 200000 500000 3
1713645261252715 1 0 0 1 1 1 0 0 0 0 0 0 32 5 4 1 87 56 51 0 0 0 304812 30279 0 2238 9279 772304 624632802 2000816 3489 1884043657 1665451192 0 21808755 0 1.000000 7332 0 0 0 2322 13712 4 200000 500000 4 200000 500000 4 200000 500000 4 200000 500000 3
1713645261253537 1 0 0 1 1 1 0 0 0 0 0 0 31 5 5 0 87 57 52 0 0 0 305401 30695 0 2289 9280 772319 624632804 2000816 3495 1884043657 1884043657 0 22334257 0 1.000000 7332 0 0 0 2322 12602 4 200000 500000 4 200000 500000 4 200000 500000 4 200000 500000 3
1713645277038986 1 0 0 1 1 1 0 0 0 0 0 0 31 5 4 1 87 57 52 0 0 0 312490 30729 0 2289 9482 772468 640410401 2000955 3495 1912950158 1884043657 0 22334257 0 1.000000 10594 0 0 0 88464 16396 4 200000 500000 4 200000 500000 4 200000 500000 4 200000 500000 3
1713645277039904 1 0 0 1 1 1 0 0 0 0 0 0 30 5 5 0 87 58 53 0 0 0 313178 31139 0 2335 9482 772485 640410402 2000955 3502 1912950158 1912950158 0 22337163 0 1.000000 10594 0 0 0 88464 23424 4 200000 500000 4 200000 500000 4 200000 500000 4 200000 500000 2
1713645279106943 1 0 0 1 1 1 0 0 0 0 0 0 30 5 5 0 88 59 54 0 0 0 315013 31548 0 2402 9609 772536 642470458 2005491 3518 1937692242 1937692242 0 22340069 0 1.000000 10556 0 0 0 7705 21893 4 200000 500000 4 200000 500000 4 200000 500000 4 200000 500000 2
1713645280030438 1 0 0 1 1 1 0 0 0 0 0 0 30 5 5 0 89 60 55 0 0 0 316063 31804 0 2425 9735 772567 643388270 2009685 3526 1940681338 1940681338 0 22865571 0 1.000000 10483 0 0 0 11151 20846 4 200000 500000 4 200000 500000 4 200000 500000 4 200000 500000 2
1713645282324925 1 0 0 1 1 1 0 0 0 0 0 0 29 5 5 0 89 61 56 0 0 0 317828 32012 0 2449 9842 772616 645680560 2009715 3529 1943897708 1943897708 0 22919644 0 1.000000 10396 0 0 0 1843 18994 4 200000 500000 4 200000 500000 4 200000 500000 4 200000 500000 2
1713645285867160 1 0 0 1 1 1 0 0 0 0 0 0 28 5 5 0 89 62 57 0 0 0 320143 32426 0 2502 9978 772674 649219779 2009777 3535 1947437876 1947437876 0 22973717 0 1.000000 10330 0 0 0 1998 17338 4 200000 500000 4 200000 500000 4 200000 500000 4 200000 500000 2
1713645295691279 1 0 0 1 1 1 0 0 0 0 0 0 30 5 4 1 91 62 57 0 0 0 324457 32454 0 2502 10137 772789 659034249 2013429 3535 1957259595 1947437876 0 22973717 0 1.000000 14182 0 0 0 2053 16574 4 200000 500000 4 200000 500000 4 200000 500000 4 200000 500000 2
1713645295691863 1 0 0 1 1 1 0 0 0 0 0 0 29 5 5 0 91 63 58 0 0 0 324903 33913 0 2527 10138 772804 659034251 2013429 3538 1957259595 1957259595 0 23508657 0 1.000000 14182 0 0 0 2053 15159 4 200000 500000 4 200000 500000 4 200000 500000 4 200000 500000 3
1713645298678865 1 0 0 1 1 1 0 0 0 0 0 0 30 5 5 0 93 64 59 0 0 0 327309 34349 0 2586 10288 807192 661980143 2017129 3546 1975905170 1975905170 0 23550060 0 1.000000 14021 0 0 0 3252 13462 4 200000 500000 4 200000 500000 4 200000 500000 4 200000 500000 2
1713645304899869 1 0 0 1 1 1 0 0 0 0 0 0 30 5 4 1 93 64 59 0 0 0 330366 34365 0 2586 10421 807260 668197462 2017309 3546 1982125344 1975905170 0 23550060 0 1.000000 13908 0 0 0 8247 13202 4 200000 500000 4 200000 500000 4 200000 500000 4 200000 500000 2
1713645304900779 1 0 0 1 1 1 0 0 0 0 0 0 29 5 5 0 93 65 60 0 0 0 331024 34798 0 2634 10421 807278 668197464 2017309 3554 1982125344 1982125344 0 23591463 0 1.000000 13908 0 0 0 8247 12720 4 200000 500000 4 200000 500000 4 200000 500000 4 200000 500000 2
1713645310002222 1 0 0 1 1 1 0 0 0 0 0 0 29 5 4 1 93 65 60 0 0 0 333654 34811 0 2634 10559 807336 673295679 2017398 3554 1987225700 1982125344 0 23591463 0 1.000000 13902 0 0 0 3547 12262 4 200000 500000 4 200000 500000 4 200000 500000 4 200000 500000 2
1713645310002897 1 0 0 1 1 1 0 0 0 0 0 0 28 5 5 0 93 66 61 0 0 0 334138 35244 0 2686 10560 807353 673295681 2017398 3557 1987225700 1987225700 0 24126403 0 1.000000 13902 0 0 0 3547 11413 4 200000 500000 4 200000 500000 4 200000 500000 4 200000 500000 3
1713645347933534 1 0 0 1 1 1 0 0 0 0 0 0 28 5 4 1 93 66 61 0 0 0 349512 35332 0 2686 10750 807708 711209840 2017614 3557 2039461652 1987225700 0 24126403 0 1.000000 13921 0 0 0 2783 10982 4 200000 500000 4 200000 500000 4 200000 500000 4 200000 500000 3
1713645347934220 1 0 0 1 1 1 0 0 0 0 0 0 27 5 5 0 93 67 62 0 0 0 349944 35761 0 2741 10751 807724 711209842 2017614 3562 2039461652 2039461652 0 24661342 0 1.000000 13921 0 0 0 2783 10184 4 200000 500000 4 200000 500000 4 200000 500000 4 200000 500000 3
1713645366139246 1 0 0 1 1 1 0 0 0 0 0 0 28 5 4 1 94 67 62 0 0 0 357742 35814 0 2741 11154 843926 729364277 2023420 3562 2057664883 2039461652 0 24661342 0 1.000000 13723 0 0 0 8295 10001 4 200000 500000 4 200000 500000 4 200000 500000 4 200000 500000 3
1713645366139854 1 0 0 1 1 1 0 0 0 0 0 0 27 5 5 0 94 68 63 0 0 0 358155 36254 0 2776 11154 843944 729364279 2023420 3565 2057664883 2057664883 0 25186846 0 1.000000 13723 0 0 0 8295 9835 4 200000 500000 4 200000 500000 4 200000 500000 4 200000 500000 3
1713645394510763 1 0 0 1 1 1 0 0 0 0 0 0 28 5 4 1 95 68 63 0 0 0 369271 36315 0 2776 11309 844192 757717695 2029129 3565 2190920622 2057664883 0 25186846 0 1.000000 13444 0 0 0 7800 9734 4 200000 500000 4 200000 500000 4 200000 500000 4 200000 500000 3
1713645394511377 1 0 0 1 1 1 0 0 0 0 0 0 27 5 5 0 95 69 64 0 0 0 369722 36608 0 2809 11310 844206 757717697 2029129 3569 2190920622 2190920622 0 25189752 0 1.000000 13444 0 0 0 7800 9547 4 200000 500000 4 200000 500000 4 200000 500000 4 200000 500000 2
1713645397864224 1 0 0 1 1 1 0 0 0 0 0 0 26 5 5 0 95 70 65 0 0 0 372056 36993 0 2853 11448 844264 761067524 2029205 3576 2194271427 2194271427 0 25243825 0 1.000000 14240 0 0 0 61922 14654 4 200000 500000 4 200000 500000 4 200000 500000 4 200000 500000 2
1713645397875448 1 0 0 1 1 1 0 0 0 0 0 0 25 5 5 0 95 71 66 0 0 0 372974 37659 0 2904 11528 844294 761076965 2029272 3581 2225997415 2225997415 0 25297898 0 1.000000 14268 0 0 0 1944 13416 4 200000 500000 4 200000 500000 4 200000 500000 4 200000 500000 2
1713645400903902 1 0 0 1 1 1 0 0 0 0 0 0 24 5 5 0 95 72 67 0 0 0 374797 37968 0 2928 11621 844343 764103103 2029287 3584 2229024528 2229024528 0 25823401 0 1.000000 13504 0 0 0 3339 12435 4 200000 500000 4 200000 500000 4 200000 500000 4 200000 500000 2
1713645400960117 1 0 0 1 1 1 0 0 0 0 0 0 25 5 5 0 97 73 68 0 0 0 375908 38345 0 2981 11707 844370 764153959 2033019 3591 2459650241 2459650241 0 25864804 0 1.000000 13498 0 0 0 2409 11458 4 200000 500000 4 200000 500000 4 200000 500000 4 200000 500000 2
1713645400966833 1 0 0 1 1 1 0 0 0 0 0 0 25 5 5 0 98 74 69 0 0 0 376723 38579 0 3006 11757 844394 764155747 2036802 3594 2462750799 2462750799 0 26399743 0 1.000000 15155 0 0 0 111846 21247 4 200000 500000 4 200000 500000 4 200000 500000 4 200000 500000 2
1713645404065014 1 0 0 1 1 1 0 0 0 0 0 0 26 5 5 0 100 75 70 0 0 0 378914 39002 0 3054 11897 844453 767248379 2039511 3602 2465853806 2465853806 0 26402649 0 1.000000 15034 0 0 0 1501 19323 4 200000 500000 4 200000 500000 4 200000 500000 4 200000 500000 2
1713645406582627 1 0 0 1 1 1 0 0 0 0 0 0 25 5 5 0 100 76 71 0 0 0 380462 39297 0 3076 12047 844499 769763858 2039581 3605 2468370150 2468370150 0 26405555 0 1.000000 14915 0 0 0 1813 17617 4 200000 500000 4 200000 500000 4 200000 500000 4 200000 500000 2
1713645409654368 1 0 0 1 1 1 0 0 0 0 0 0 24 5 5 0 100 77 72 0 0 0 382414 39627 0 3121 12185 844550 772833042 2039638 3608 2471440029 2471440029 0 26459628 0 1.000000 15025 0 0 0 1784 16074 4 200000 500000 4 200000 500000 4 200000 500000 4 200000 500000 2
1713645417073698 1 0 0 1 1 1 0 0 0 0 0 0 24 5 4 1 100 77 72 0 0 0 385396 39646 0 3121 12329 877547 780215835 2039716 3608 2487607786 2471440029 0 26459628 0 1.000000 15021 0 0 0 1717 14675 4 200000 500000 4 200000 500000 4 200000 500000 4 200000 500000 2
1713645417074649 1 0 0 1 1 1 0 0 0 0 0 0 23 5 5 0 100 78 73 0 0 0 386101 40139 0 3172 12329 877569 780215837 2039716 3615 2487607786 2487607786 0 26985131 0 1.000000 15021 0 0 0 1717 13413 4 200000 500000 4 200000 500000 4 200000 500000 4 200000 500000 2
1713645417501596 1 0 0 1 1 1 0 0 0 0 0 0 23 5 5 0 101 79 74 0 0 0 387169 40563 0 3237 12428 877607 780640481 2040363 3624 2495452993 2495452993 0 26988037 0 1.000000 14970 0 0 0 6321 12723 4 200000 500000 4 200000 500000 4 200000 500000 4 200000 500000 2
1713645420294871 1 0 0 1 1 1 0 0 0 0 0 0 24 5 5 0 103 80 75 0 0 0 388873 41048 0 3291 12564 877655 783427061 2044652 3631 2498244428 2498244428 0 26988466 0 1.000000 15050 0 0 0 4707 11943 4 200000 500000 4 200000 500000 4 200000 500000 4 200000 500000 2
1713645423420330 1 0 0 1 1 1 0 0 0 0 0 0 24 5 5 0 104 81 76 0 0 0 390953 41465 0 3338 12706 877714 786549169 2045276 3637 2501368125 2501368125 0 26991372 0 1.000000 14910 0 0 0 1629 10939 4 200000 500000 4 200000 500000 4 200000 500000 4 200000 500000 2
1713645427307169 1 0 0 1 1 1 0 0 0 0 0 0 23 5 5 0 104 82 77 0 0 0 392964 41855 0 3391 12832 877767 790433332 2045344 3650 2505253004 2505253004 0 27032775 0 1.000000 15091 0 0 0 2020 10071 4 200000 500000 4 200000 500000 4 200000 500000 4 200000 500000 2
1713645431885601 1 0 0 1 1 1 0 0 0 0 0 0 22 5 5 0 104 83 78 0 0 0 394689 42114 0 3418 12933 877825 795009531 2045408 3654 2509830058 2509830058 0 27074178 0 1.000000 14908 0 0 0 2076 9293 4 200000 500000 4 200000 500000 4 200000 500000 4 200000 500000 2
1713645434851219 1 0 0 1 1 1 0 0 0 0 0 0 21 5 5 0 104 84 79 0 0 0 396165 42465 0 3463 13093 877881 797973004 2045482 3658 2512793600 2512793600 0 27115581 0 1.000000 14970 0 0 0 3258 8706 4 200000 500000 4 200000 500000 4 200000 500000 4 200000 500000 2
1713645445560084 1 0 0 1 1 1 0 0 0 0 0 0 22 5 4 1 105 84 79 0 0 0 399707 42487 0 3463 13261 877976 808677257 2045963 3658 2523501253 2512793600 0 27115581 0 1.000000 15295 0 0 0 1484 8345 4 200000 500000 4 200000 500000 4 200000 500000 4 200000 500000 2
1713645445560564 1 0 0 1 1 1 0 0 0 0 0 0 21 5 5 0 105 85 80 0 0 0 400051 42869 0 3487 13262 877992 808677259 2045963 3661 2523501253 2523501253 0 27169654 0 1.000000 15295 0 0 0 1484 7677 4 200000 500000 4 200000 500000 4 200000 500000 4 200000 500000 2
1713645449025321 1 0 0 1 1 1 0 0 0 0 0 0 20 5 5 0 105 86 81 0 0 0 401971 43268 0 3538 13396 878037 812139438 2046017 3671 2526963601 2526963601 0 27171036 0 1.000000 15371 0 0 0 6526 7566 4 200000 500000 4 200000 500000 4 200000 500000 4 200000 500000 2
1713645449230491 1 0 0 1 1 1 0 0 0 0 0 0 21 5 5 0 107 87 82 0 0 0 403200 43598 0 3583 13494 878084 812339267 2049612 3678 2527167089 2527167089 0 27173942 0 1.000000 14136 0 0 0 1726 6997 4 200000 500000 4 200000 500000 4 200000 500000 4 200000 500000 2
1713645452088123 1 0 0 1 1 1 0 0 0 0 0 0 20 5 5 0 107 88 83 0 0 0 404702 44008 0 3634 13615 878129 815194769 2049637 3685 2530023517 2530023517 0 27228015 0 1.000000 11739 0 0 0 157 6331 4 200000 500000 4 200000 500000 4 200000 500000 4 200000 500000 2
1713645456267581 1 0 0 1 1 1 0 0 0 0 0 0 19 5 5 0 107 89 84 0 0 0 406532 44638 0 3657 13737 878184 819371506 2049693 3688 2534200769 2534200769 0 27282088 0 1.000000 11824 0 0 0 2093 5919 4 200000 500000 4 200000 500000 4 200000 500000 4 200000 500000 2
1713645469576333 1 0 0 1 1 1 0 0 0 0 0 0 21 5 4 1 109 89 84 0 0 0 410612 44664 0 3657 13916 878299 832672062 2053233 3688 2693772559 2534200769 0 27282088 0 1.000000 11527 0 0 0 1809 5714 4 200000 500000 4 200000 500000 4 200000 500000 4 200000 500000 2
1713645469577267 1 0 0 1 1 1 0 0 0 0 0 0 20 5 5 0 109 90 85 0 0 0 411266 45110 0 3714 13917 878338 832672066 2053233 3695 2693772559 2693772559 0 27323491 0 1.000000 11527 0 0 0 1809 5334 4 200000 500000 4 200000 500000 4 200000 500000 4 200000 500000 2
1713645474402895 1 0 0 1 1 1 0 0 0 0 0 0 20 5 5 0 110 91 86 0 0 0 413427 47243 0 3761 14058 878417 837488279 2058103 3701 2698594232 2698594232 0 27364894 0 1.000000 12686 0 0 0 70795 11718 4 200000 500000 4 200000 500000 4 200000 500000 4 200000 500000 2
1713645477217794 1 0 0 1 1 1 0 0 0 0 0 0 19 5 5 0 110 92 87 0 0 0 414843 47589 0 3792 14202 908916 840270687 2058160 3705 2719542198 2719542198 0 27406297 0 1.000000 12478 0 0 0 1264 10229 4 200000 500000 4 200000 500000 4 200000 500000 4 200000 500000 2
1713645479712043 1 0 0 1 1 1 0 0 0 0 0 0 20 5 5 0 112 93 88 0 0 0 416189 47851 0 3824 14302 908965 842758643 2062668 3708 2724849039 2724849039 0 27460370 0 1.000000 12369 0 0 0 9858 10194 4 200000 500000 4 200000 500000 4 200000 500000 4 200000 500000 2
1713645482402666 1 0 0 1 1 1 0 0 0 0 0 0 19 5 5 0 112 94 89 0 0 0 417278 48101 0 3848 14394 909000 845447707 2062728 3712 2730032443 2730032443 0 27514443 0 1.000000 12296 0 0 0 2106 9406 4 200000 500000 4 200000 500000 4 200000 500000 4 200000 500000 2
1713645487485289 1 0 0 1 1 1 0 0 0 0 0 0 19 5 4 1 112 94 89 0 0 0 419344 48115 0 3848 14771 909059 850527506 2062782 3712 2735113912 2730032443 0 27514443 0 1.000000 12274 0 0 0 3682 9120 4 200000 500000 4 200000 500000 4 200000 500000 4 200000 500000 2
1713645487486227 1 0 0 1 1 1 0 0 0 0 0 0 18 5 5 0 112 95 90 0 0 0 420022 48559 0 3894 14771 909091 850527510 2062782 3718 2735113912 2735113912 0 27517349 0 1.000000 12274 0 0 0 3682 8591 4 200000 500000 4 200000 500000 4 200000 500000 4 200000 500000 2
1713645490324881 1 0 0 1 1 1 0 0 0 0 0 0 19 5 5 0 114 96 91 0 0 0 421242 48768 0 3916 14876 909135 853361080 2066264 3722 2737951047 2737951047 0 27558752 0 1.000000 11710 0 0 0 3219 8068 4 200000 500000 4 200000 500000 4 200000 500000 4 200000 500000 2
1713645493768604 1 0 0 1 1 1 0 0 0 0 0 0 18 5 5 0 114 97 92 0 0 0 422738 49061 0 3941 15336 909196 856802414 2066313 3725 2752005630 2752005630 0 27600155 0 1.000000 11673 0 0 0 1565 7435 4 200000 500000 4 200000 500000 4 200000 500000 4 200000 500000 2
1713645496197055 1 0 0 1 1 1 0 0 0 0 0 0 19 5 5 0 116 98 93 0 0 0 424055 49464 0 3995 15471 909241 859225384 2069867 3729 2757875367 2757875367 0 27603061 0 1.000000 11621 0 0 0 7298 7423 4 200000 500000 4 200000 500000 4 200000 500000 4 200000 500000 2
1713645499404402 1 0 0 1 1 1 0 0 0 0 0 0 18 5 5 0 116 99 94 0 0 0 425436 49751 0 4023 15554 909297 862430844 2069921 3732 2761081449 2761081449 0 27657134 0 1.000000 11534 0 0 0 2568 6951 4 200000 500000 4 200000 500000 4 200000 500000 4 200000 500000 2
1713645505448066 1 0 0 1 1 1 0 0 0 0 0 0 18 5 4 1 116 99 94 0 0 0 427278 49764 0 4023 15668 909350 868472100 2069996 3732 2767123849 2761081449 0 27657134 0 1.000000 11595 0 0 0 2753 6742 4 200000 500000 4 200000 500000 4 200000 500000 4 200000 500000 2
1713645505449014 1 0 0 1 1 1 0 0 0 0 0 0 17 5 5 0 116 100 95 0 0 0 427940 50267 0 4079 15669 909382 868472104 2069996 3741 2767123849 2767123849 0 27711207 0 1.000000 11595 0 0 0 2753 6354 4 200000 500000 4 200000 500000 4 200000 500000 4 200000 500000 2
1713645509480234 1 0 0 1 1 1 0 0 0 0 0 0 18 5 5 0 118 101 96 0 0 0 429686 50707 0 4133 15792 909438 872497338 2073578 3745 2771153148 2771153148 0 27752610 0 1.000000 11552 0 0 0 3479 6075 4 200000 500000 4 200000 500000 4 200000 500000 4 200000 500000 2
1713645522783325 1 0 0 1 1 1 0 0 0 0 0 0 20 5 4 1 120 101 96 0 0 0 433751 50738 0 4133 15950 909572 885792314 2076964 3745 2800166630 2771153148 0 27752610 0 1.000000 11498 0 0 0 1870 5865 4 200000 500000 4 200000 500000 4 200000 500000 4 200000 500000 2
1713645522784232 1 0 0 1 1 1 0 0 0 0 0 0 19 5 5 0 120 102 97 0 0 0 434395 51253 0 4184 15950 909606 885792318 2076964 3750 2800166630 2800166630 0 27806683 0 1.000000 11498 0 0 0 1870 5477 4 200000 500000 4 200000 500000 4 200000 500000 4 200000 500000 2
1713645527255817 1 0 0 1 1 1 0 0 0 0 0 0 18 5 5 0 120 103 98 0 0 0 436492 51663 0 4232 16080 909672 890261049 2077089 3758 2817939774 2817939774 0 27848086 0 1.000000 11189 0 0 0 17118 6613 4 200000 500000 4 200000 500000 4 200000 500000 4 200000 500000 2
1713645527934883 1 0 0 1 1 1 0 0 0 0 0 0 17 5 5 0 120 104 99 0 0 0 437174 51925 0 4256 16186 909698 890938962 2077142 3761 2823089181 2823089181 0 27850992 0 1.000000 10889 0 0 0 8865 6833 4 200000 500000 4 200000 500000 4 200000 500000 4 200000 500000 2
1713645531212542 1 0 0 1 1 1 0 0 0 0 0 0 18 5 5 0 122 105 100 0 0 0 438540 52166 0 4285 16276 909753 894211210 2080772 3766 2826365409 2826365409 0 27892395 0 1.000000 10790 0 0 0 3386 6498 4 200000 500000 4 200000 500000 4 200000 500000 4 200000 500000 2
1713645531846882 1 0 0 1 1 1 0 0 0 0 0 0 17 5 5 0 122 106 101 0 0 0 439182 52416 0 4313 16343 909779 894844484 2080825 3770 2830955245 2830955245 0 27933798 0 1.000000 10830 0 0 0 2660 6125 4 200000 500000 4 200000 500000 4 200000 500000 4 200000 500000 2
1713645535773277 1 0 0 1 1 1 0 0 0 0 0 0 16 5 5 0 122 107 102 0 0 0 440440 52746 0 4342 16481 909844 898769016 2080857 3774 2834879486 2834879486 0 27936704 0 1.000000 8928 0 0 0 3426 5863 4 200000 500000 4 200000 500000 4 200000 500000 4 200000 500000 2
1713645538852531 1 0 0 1 1 1 0 0 0 0 0 0 15 5 5 0 122 108 103 0 0 0 442217 53175 0 4398 16631 946329 901809274 2080939 3781 2837956732 2837956732 0 27939610 0 1.000000 8831 0 0 0 1881 5296 4 200000 500000 4 200000 500000 4 200000 500000 4 200000 500000 2
1713645542113180 1 0 0 1 1 1 0 0 0 0 0 0 14 5 5 0 122 109 104 0 0 0 443504 53432 0 4425 16743 946378 905068012 2081105 3784 2962993031 2962993031 0 27981013 0 1.000000 8692 0 0 0 2218 4997 4 200000 500000 4 200000 500000 4 200000 500000 4 200000 500000 1
1713645542164688 1 0 0 1 1 1 0 0 0 0 0 0 14 5 5 0 123 110 105 0 0 0 444260 53758 0 4468 16831 946402 905117763 2081642 3790 2966304193 2966304193 0 28506516 0 1.000000 9782 0 0 0 48786 9267 4 200000 500000 4 200000 500000 4 200000 500000 4 200000 500000 2
1713645547455727 1 0 0 1 1 1 0 0 0 0 0 0 14 5 4 1 123 110 105 0 0 0 445670 53774 0 4468 16959 946459 910406860 2081687 3790 2971645252 2966304193 0 28506516 0 1.000000 9821 0 0 0 2739 8941 4 200000 500000 4 200000 500000 4 200000 500000 4 200000 500000 2
1713645547456465 1 0 0 1 1 1 0 0 0 0 0 0 13 5 5 0 123 111 106 0 0 0 446141 54278 0 4522 16960 946478 910406862 2081687 3798 2971645252 2971645252 0 28507305 0 1.000000 9821 0 0 0 2739 8337 4 200000 500000 4 200000 500000 4 200000 500000 4 200000 500000 2
1713645550087656 1 0 0 1 1 1 0 0 0 0 0 0 12 5 5 0 123 112 107 0 0 0 447324 54635 0 4567 17068 946522 913036278 2081744 3804 2974274779 2974274779 0 28548708 0 1.000000 9820 0 0 0 2787 7797 4 200000 500000 4 200000 500000 4 200000 500000 4 200000 500000 2
1713645550513523 1 0 0 1 1 1 0 0 0 0 0 0 11 5 5 0 123 113 108 0 0 0 447821 54902 0 4602 17126 946545 913461223 2081798 3808 2993574582 2993574582 0 28590111 0 1.000000 9891 0 0 0 1710 7204 4 200000 500000 4 200000 500000 4 200000 500000 4 200000 500000 2
1713645553566798 1 0 0 1 1 1 0 0 0 0 0 0 10 5 5 0 123 114 109 0 0 0 449198 55315 0 4657 17240 946593 916512490 2081826 3818 2997051331 2997051331 0 28590900 0 1.000000 10000 0 0 0 15964 8059 4 200000 500000 4 200000 500000 4 200000 500000 4 200000 500000 2
1713645556031233 1 0 0 1 1 1 0 0 0 0 0 0 9 5 5 0 123 115 110 0 0 0 449957 55548 0 4685 17322 946634 918975725 2081882 3824 2999514572 2999514572 0 28593806 0 1.000000 9942 0 0 0 1678 7437 4 200000 500000 4 200000 500000 4 200000 500000 4 200000 500000 2
1713645559143558 1 0 0 1 1 1 0 0 0 0 0 0 8 5 5 0 123 116 111 0 0 0 450889 55928 0 4709 17457 946684 922086477 2081933 3836 3002624822 3002624822 0 28635209 0 1.000000 9961 0 0 0 1796 6888 4 200000 500000 4 200000 500000 4 200000 500000 4 200000 500000 2
1713645560502600 1 0 0 1 1 1 0 0 0 0 0 0 7 5 5 0 123 117 112 0 0 0 451855 56301 0 4756 17570 946739 923443931 2081971 3845 3012612066 3012612066 0 28638115 0 1.000000 9891 0 0 0 1515 6365 4 200000 500000 4 200000 500000 4 200000 500000 4 200000 500000 2
1713645562938178 1 0 0 1 1 1 0 0 0 0 0 0 6 5 5 0 123 118 113 0 0 0 452552 56630 0 4799 17693 946780 925878226 2082025 3849 3015046593 3015046593 0 28641021 0 1.000000 9909 0 0 0 7555 6482 4 200000 500000 4 200000 500000 4 200000 500000 4 200000 500000 2
1713645564924342 1 0 0 1 1 1 0 0 0 0 0 0 5 5 5 0 123 119 114 0 0 0 453123 57043 0 4851 17803 946811 927863195 2082068 3856 3037803706 3037803706 0 28682424 0 1.000000 8626 0 0 0 1835 6030 4 200000 500000 4 200000 500000 4 200000 500000 4 200000 500000 1
1713645565496183 1 0 0 1 1 1 0 0 0 0 0 0 5 5 5 0 124 120 115 0 0 0 453570 57382 0 4879 17883 946837 928433757 2082427 3860 3044154172 3044154172 0 28685330 0 1.000000 8756 0 0 0 9035 6324 4 200000 500000 4 200000 500000 4 200000 500000 4 200000 500000 1
1713645565894564 1 0 0 1 1 1 0 0 0 0 0 0 4 5 5 0 124 121 116 0 0 0 454134 57703 0 4923 17986 946862 928831065 2082464 3868 3047109130 3047109130 0 28739403 0 1.000000 9204 0 0 0 3092 6010 4 200000 500000 4 200000 500000 4 200000 500000 4 200000 500000 1
1713645567704863 1 0 0 1 1 1 0 0 0 0 0 0 4 5 5 0 125 122 117 0 0 0 454726 58011 0 4951 18061 946895 930639958 2082829 3874 3049316395 3049316395 0 28741145 0 1.000000 9215 0 0 0 2566 5675 4 200000 500000 4 200000 500000 4 200000 500000 4 200000 500000 1
1713645567842917 1 0 0 1 1 1 0 0 0 0 0 0 3 5 5 0 125 123 118 0 0 0 455330 58398 0 4993 18145 946937 930776815 2082870 3879 3049452693 3049452693 0 28742527 0 1.000000 6705 0 0 0 1802 5298 4 200000 500000 4 200000 500000 4 200000 500000 4 200000 500000 1
1713645567971671 1 0 0 1 1 1 0 0 0 0 0 0 2 5 5 0 125 124 119 0 0 0 455648 58785 0 5035 18239 946963 930904686 2082896 3882 3049580396 3049580396 0 28796600 0 1.000000 6717 0 0 0 93 4791 4 200000 500000 4 200000 500000 4 200000 500000 4 200000 500000 1
1713645568943525 1 0 0 1 1 1 0 0 0 0 0 0 1 5 5 0 125 125 120 0 0 0 456105 59136 0 5079 18349 946988 931875552 2082917 3890 3052627967 3052627967 0 28797389 0 1.000000 6716 0 0 0 101 4335 4 200000 500000 4 200000 500000 4 200000 500000 4 200000 500000 1
1713645570175486 1 0 0 1 1 1 0 0 0 0 0 0 2 5 5 0 127 126 121 0 0 0 456460 59429 0 5104 18425 947016 933102635 2087019 3893 3057876626 3057876626 0 28800295 0 1.000000 6730 0 0 0 2320 4140 4 200000 500000 4 200000 500000 4 200000 500000 4 200000 500000 1
1713645571361557 1 0 0 1 1 1 0 0 0 0 0 0 2 5 5 0 128 127 122 0 0 0 457084 59768 0 5148 18539 947062 934287269 2087292 3899 3060293021 3060293021 0 28841698 0 1.000000 6702 0 0 0 2120 3944 4 200000 500000 4 200000 500000 4 200000 500000 4 200000 500000 1
1713645572182538 1 0 0 1 1 1 0 0 0 0 0 0 2 5 5 0 129 128 123 0 0 0 457770 60156 0 5200 18651 947086 935106668 2087630 3908 3062298201 3062298201 0 28843440 0 1.000000 6636 0 0 0 1777 3734 4 200000 500000 4 200000 500000 4 200000 500000 4 200000 500000 1
1713645572320481 1 0 0 1 1 1 0 0 0 0 0 0 1 5 5 0 129 129 124 0 0 0 458334 60547 0 5251 18708 947120 935243497 2087661 3914 3062434664 3062434664 0 28844034 0 1.000000 6590 0 0 0 1451 3512 4 200000 500000 4 200000 500000 4 200000 500000 4 200000 500000 1
1713645572777591 1 0 0 1 1 1 0 0 0 0 0 0 0 5 5 0 129 130 125 0 0 0 458852 60907 0 5295 18850 947166 935699461 2087691 3919 3067238808 3067238808 0 28846940 0 1.000000 6586 0 0 0 101 3180 4 200000 500000 4 200000 500000 4 200000 500000 4 200000 500000 1
1713645574599278 1 0 0 1 1 1 0 0 0 0 0 0 1 5 5 0 131 131 126 0 0 0 459206 61390 0 5499 18966 947198 937516784 2091027 3922 3069516317 3069516317 0 28888343 150 1.000000 6618 0 0 0 3457 3208 4 200000 500000 4 200000 500000 4 200000 500000 4 200000 500000 1
1713645574933829 1 0 0 1 1 1 0 0 0 0 0 0 0 5 5 0 131 132 127 0 0 0 459542 61833 0 5545 19084 947218 937849835 2091586 3928 3073087276 3073087276 0 28891249 150 1.000000 6629 0 0 0 1533 3046 4 200000 500000 4 200000 500000 4 200000 500000 4 200000 500000 1
1713645575658693 1 0 0 1 1 1 0 0 0 0 0 0 0 4 4 0 131 132 128 0 0 0 459543 62026 0 5568 19163 947239 938574365 2091606 3928 3075966873 3075966873 0 28891249 150 1.000000 6618 0 0 0 2544 2998 4 200000 500000 4 200000 500000 4 200000 500000 4 200000 500000 1
1713645577410351 1 0 0 1 1 1 0 0 0 0 0 0 0 3 3 0 131 132 129 0 0 0 459544 62405 0 5615 19285 947277 940325435 2091630 3928 3078442261 3078442261 0 28891249 150 1.000000 6623 0 0 0 1507 2854 4 200000 500000 4 200000 500000 4 200000 500000 4 200000 500000 1
1713645578544672 1 0 0 1 1 1 0 0 0 0 0 0 0 3 3 0 132 133 130 0 0 0 460126 62686 0 5658 19335 947310 941458380 2092024 3940 3078573517 3078573517 0 28892991 150 1.000000 6558 0 0 0 2018 2774 4 200000 500000 4 200000 500000 4 200000 500000 4 200000 500000 1
1713645580023380 1 0 0 1 1 1 0 0 0 0 0 0 0 2 2 0 132 133 131 0 0 0 460127 62984 0 5686 19446 947336 942936576 2092070 3940 3083995831 3083995831 0 28892991 150 1.000000 6565 0 0 0 93 2513 4 200000 500000 4 200000 500000 4 200000 500000 4 200000 500000 1
1713645581160248 1 0 0 1 1 1 0 0 0 0 0 0 0 2 2 0 133 134 132 0 0 0 460695 63322 0 5729 19542 947371 944072019 2092422 3952 3084129747 3084129747 0 28894733 150 1.000000 6576 0 0 0 2783 2540 4 200000 500000 4 200000 500000 4 200000 500000 4 200000 500000 1
1713645673772278 1 0 0 1 1 1 0 0 0 0 0 0 0 2 1 1 133 134 132 0 0 0 460723 63525 0 5729 20161 1022225 1036607270 2093054 3952 3356934107 3084129747 0 28894733 150 1.000000 6544 0 0 0 98 2192 4 200000 500000 4 200000 500000 4 200000 500000 4 200000 500000 1
1713645673772430 1 0 0 1 1 1 0 0 0 0 0 0 0 1 1 0 133 134 133 0 0 0 460723 63933 0 5759 20161 1022240 1036607270 2093054 3952 3356934107 3356934107 0 28894733 150 1.000000 6544 0 0 0 98 1989 4 200000 500000 4 200000 500000 4 200000 500000 4 200000 500000 1
1713645678784720 1 0 0 1 1 1 0 0 0 0 0 0 0 2 2 0 134 135 133 0 0 0 461244 63950 0 5759 20200 1022272 1041612736 2099158 3964 3356934107 3356934107 0 28948806 150 1.000000 9791 0 0 0 163552 10068 4 200000 500000 4 200000 500000 4 200000 500000 4 200000 500000 1
1713645693728193 1 0 0 1 1 1 0 0 0 0 0 0 0 2 1 1 134 135 133 0 0 0 461251 63977 0 5759 20330 1022320 1056555614 2099250 3964 3375881199 3356934107 0 28948806 150 1.000000 9791 0 0 0 163552 17743 4 200000 500000 4 200000 500000 4 200000 500000 4 200000 500000 1
1713645693728527 1 0 0 1 1 1 0 0 0 0 0 0 0 1 1 0 134 135 134 0 0 0 461251 64501 0 5828 20331 1022352 1056555614 2099250 3964 3375881199 3375881199 0 28948806 150 1.000000 9791 0 0 0 163552 31960 4 200000 500000 4 200000 500000 4 200000 500000 4 200000 500000 1
1713645696721164 1 0 0 1 1 1 0 0 0 0 0 0 0 2 2 0 136 137 135 0 0 0 462246 64848 0 5872 20449 1022402 1059542897 2103042 3979 3377864647 3377864647 0 28993115 150 1.000000 8168 0 0 0 10959 29913 4 200000 500000 4 200000 500000 4 200000 500000 4 200000 500000 1
1713645697877985 1 0 0 1 1 1 0 0 0 0 0 0 0 2 2 0 137 138 136 0 0 0 462929 65240 0 5916 20523 1022442 1060697838 2103683 3992 3378017949 3378017949 0 28994857 150 1.000000 8149 0 0 0 541 27050 4 200000 500000 4 200000 500000 4 200000 500000 4 200000 500000 1
1713645699025987 1 0 0 1 1 1 0 0 0 0 0 0 0 2 2 0 138 139 137 0 0 0 463492 65607 0 6056 20581 1022465 1061844454 2104026 4002 3378162327 3378162327 0 28996408 1180 1.000000 7949 0 0 0 96 24423 4 200000 500000 4 200000 500000 4 200000 500000 4 200000 500000 1
1713645726521107 1 0 0 1 1 1 0 0 0 0 0 0 0 2 1 1 138 139 137 0 0 0 463502 65664 0 6056 20830 1055289 1089305182 2104789 4002 3409946304 3378162327 0 28996408 1180 1.000000 7926 0 0 0 69 22050 4 200000 500000 4 200000 500000 4 200000 500000 4 200000 500000 1
1713645726521385 1 0 0 1 1 1 0 0 0 0 0 0 0 1 1 0 138 139 138 0 0 0 463503 66325 0 6114 20830 1055322 1089305182 2104789 4002 3409946304 3409946304 0 28996408 1180 1.000000 7926 0 0 0 69 19907 4 200000 500000 4 200000 500000 4 200000 500000 4 200000 500000 1
1713645727665671 1 0 0 1 1 1 0 0 0 0 0 0 0 1 1 0 139 140 139 0 0 0 464285 66663 0 6157 20928 1055369 1090447466 2105486 4015 3410087033 3410087033 0 28998150 1180 1.000000 8015 0 0 0 8332 18780 4 200000 500000 4 200000 500000 4 200000 500000 4 200000 500000 1
1713645728808023 1 0 0 1 1 1 0 0 0 0 0 0 0 1 1 0 140 141 140 0 0 0 464934 67136 0 6352 21015 1055413 1091588027 2105980 4024 3410226203 3410226203 0 28999701 2210 1.000000 7957 0 0 0 89 16959 4 200000 500000 4 200000 500000 4 200000 500000 4 200000 500000 1
1713645729077242 0 0 0 0 0 1 1 1 0 0 0 0 0 0 0 0 140 141 140 0 0 0 464934 67136 0 6352 21015 1055413 1091588027 2105980 4024 3410226203 3410226203 0 28999701 2210 1.000000 7960 0 0 0 97 15316 0 0 0 0 0 0 0 0 0 0 0 0 0
