# timestamp workers_connected workers_init workers_idle workers_busy workers_able workers_joined workers_removed workers_released workers_idled_out workers_blocked workers_slow workers_lost tasks_waiting tasks_on_workers tasks_running tasks_with_results tasks_submitted tasks_dispatched tasks_done tasks_failed tasks_cancelled tasks_exhausted_attempts time_send time_receive time_send_good time_receive_good time_status_msgs time_internal time_polling time_application time_scheduling time_execute time_execute_good time_execute_exhaustion bytes_sent bytes_received bandwidth capacity_tasks capacity_cores capacity_memory capacity_disk capacity_instantaneous capacity_weighted total_cores total_memory total_disk committed_cores committed_memory committed_disk max_cores max_memory max_disk min_cores min_memory min_disk inuse_cache
1713646016492341 0 0 0 0 0 0 0 0 0 0 0 0 0 0 0 0 0 0 0 0 0 0 0 0 0 0 0 0 0 0 0 0 0 0 0 0 1.000000 0 0 0 0 0 0 0 0 0 0 0 0 0 0 0 0 0 0 0
1713646016498312 0 0 0 0 0 0 0 0 0 0 0 0 0 0 0 0 0 0 0 0 0 0 0 0 0 0 0 0 0 0 0 0 0 0 0 0 1.000000 10 10 5120 10240 10 10 0 0 0 0 0 0 0 0 0 0 0 0 0
1713646050310800 1 0 0 1 1 1 0 0 0 0 0 0 49 1 1 0 50 0 0 0 0 0 2766 146 0 0 916 56626 31700183 2048495 14 0 0 0 535476 0 1.000000 10 10 5120 10240 10 10 4 200000 500000 0 0 0 4 200000 500000 4 200000 500000 1
1713646053319941 1 0 0 1 1 1 0 0 0 0 0 0 46 4 4 0 50 4 0 0 0 0 10775 159 0 0 1006 56658 34704291 2048495 29 0 0 0 2130792 0 1.000000 10 10 5120 10240 10 10 4 200000 500000 4 200000 500000 4 200000 500000 4 200000 500000 3
1713646066394971 1 0 0 1 1 1 0 0 0 0 0 0 46 4 3 1 50 4 0 0 0 0 15344 193 0 0 1174 56745 47774141 2048558 29 16080750 0 0 2130792 0 1.000000 10 10 5120 10240 10 10 4 200000 500000 4 200000 500000 4 200000 500000 4 200000 500000 3
1713646066397067 1 0 0 1 1 1 0 0 0 0 0 0 45 4 4 0 50 5 1 0 0 0 17153 660 0 56 1174 56767 47774143 2048558 41 16080750 16080750 0 2665710 0 1.000000 10 10 5120 10240 10 10 4 200000 500000 4 200000 500000 4 200000 500000 4 200000 500000 3
1713646076532804 1 0 0 1 1 1 0 0 0 0 0 0 46 4 3 1 51 5 1 0 0 0 21149 692 0 56 1399 56899 57893692 2060115 41 26215135 16080750 0 2665710 0 1.000000 4629 4629 231450000 578625000 4629 241 4 200000 500000 4 200000 500000 4 200000 500000 4 200000 500000 3
1713646076536155 1 0 0 1 1 1 0 0 0 0 0 0 45 4 4 0 51 6 2 0 0 0 24233 1123 0 105 1400 56934 57893695 2060115 51 26215135 26215135 0 3191192 0 1.000000 4629 4629 231450000 578625000 4629 670 4 200000 500000 4 200000 500000 4 200000 500000 4 200000 500000 3
1713646095874551 1 0 0 1 1 1 0 0 0 0 0 0 46 4 3 1 52 6 2 0 0 0 30717 1202 0 105 1644 93656 77178503 2069888 51 45552114 26215135 0 3191192 0 1.000000 3893 3893 194650000 486625000 3108 908 4 200000 500000 4 200000 500000 4 200000 500000 4 200000 500000 3
1713646095876506 1 0 0 1 1 1 0 0 0 0 0 0 45 4 4 0 52 7 3 0 0 0 32407 1670 0 153 1645 93677 77178505 2069888 62 45552114 45552114 0 3716672 0 1.000000 3893 3893 194650000 486625000 3108 1123 4 200000 500000 4 200000 500000 4 200000 500000 4 200000 500000 3
1713646117703979 1 0 0 1 1 1 0 0 0 0 0 0 45 4 3 1 52 7 3 0 0 0 38861 1744 0 153 1868 93919 98998415 2070197 62 112936458 45552114 0 3716672 0 1.000000 4011 4011 200550000 501375000 4182 1276 4 200000 500000 4 200000 500000 4 200000 500000 4 200000 500000 3
1713646117707606 1 0 0 1 1 1 0 0 0 0 0 0 44 4 4 0 52 8 4 0 0 0 42248 2165 0 209 1868 93937 98998417 2070197 71 112936458 112936458 0 4251589 0 1.000000 4011 4011 200550000 501375000 4182 1560 4 200000 500000 4 200000 500000 4 200000 500000 4 200000 500000 3
1713646118910159 1 0 0 1 1 1 0 0 0 0 0 0 43 4 4 0 52 9 5 0 0 0 44455 2526 0 256 1992 93979 100198100 2070309 81 135966986 135966986 0 4786506 0 1.000000 6330 6330 316500000 791250000 10391 2422 4 200000 500000 4 200000 500000 4 200000 500000 4 200000 500000 3
1713646120002205 1 0 0 1 1 1 0 0 0 0 0 0 42 4 4 0 52 10 6 0 0 0 47193 2862 0 302 2105 94018 101286837 2070368 90 205651194 205651194 0 5321424 0 1.000000 6479 6479 323950000 809875000 7326 2901 4 200000 500000 4 200000 500000 4 200000 500000 4 200000 500000 3
1713646133188516 1 0 0 1 1 1 0 0 0 0 0 0 43 4 3 1 53 10 6 0 0 0 50998 2908 0 302 2246 94168 114457922 2081261 90 221130665 205651194 0 5321424 0 1.000000 8281 8281 414050000 1035125000 18114 3662 4 200000 500000 4 200000 500000 4 200000 500000 4 200000 500000 3
1713646133190032 1 0 0 1 1 1 0 0 0 0 0 0 42 4 4 0 53 11 7 0 0 0 52343 3207 0 335 2248 94186 114457924 2081261 95 221130665 221130665 0 5856341 0 1.000000 8281 8281 414050000 1035125000 18114 5072 4 200000 500000 4 200000 500000 4 200000 500000 4 200000 500000 3
1713646133380104 1 0 0 1 1 1 0 0 0 0 0 0 42 4 4 0 54 12 8 0 0 0 54099 3443 0 373 2318 94216 114636823 2090322 100 234505264 234505264 0 6391259 0 1.000000 7437 7437 371850000 929625000 3158 4887 4 200000 500000 4 200000 500000 4 200000 500000 4 200000 500000 3
1713646137138051 1 0 0 1 1 1 0 0 0 0 0 0 42 4 4 0 55 13 9 0 0 0 58733 3859 0 428 2498 94275 118382484 2097290 106 252727973 252727973 0 6926176 0 1.000000 6988 6988 349400000 873500000 3500 4753 4 200000 500000 4 200000 500000 4 200000 500000 4 200000 500000 3
1713646143336455 1 0 0 1 1 1 0 0 0 0 0 0 43 4 3 1 56 13 9 0 0 0 60907 3890 0 428 2692 130833 124533059 2105909 106 262872958 252727973 0 6926176 0 1.000000 6883 6883 344150000 860375000 5767 4853 4 200000 500000 4 200000 500000 4 200000 500000 4 200000 500000 3
1713646143338151 1 0 0 1 1 1 0 0 0 0 0 0 42 4 4 0 56 14 10 0 0 0 62360 4330 0 478 2693 130853 124533061 2105909 116 262872958 262872958 0 7461094 0 1.000000 6883 6883 344150000 860375000 5767 4943 4 200000 500000 4 200000 500000 4 200000 500000 4 200000 500000 3
1713646146852608 1 0 0 1 1 1 0 0 0 0 0 0 42 4 4 0 57 15 11 0 0 0 65124 4849 0 540 2863 130946 128032666 2117188 134 276342601 276342601 0 7515145 0 1.000000 6635 6635 331750000 829375000 3494 4803 4 200000 500000 4 200000 500000 4 200000 500000 4 200000 500000 2
1713646150436150 1 0 0 1 1 1 0 0 0 0 0 0 42 4 4 0 58 16 12 0 0 0 70839 5302 0 603 3066 131030 131597399 2129506 139 279920456 279920456 0 8050063 0 1.000000 6531 6531 326550000 816375000 4999 4823 4 200000 500000 4 200000 500000 4 200000 500000 4 200000 500000 3
1713646166004857 1 0 0 1 1 1 0 0 0 0 0 0 44 4 3 1 60 16 12 0 0 0 75857 5360 0 603 3290 131225 147121972 2167878 139 302585746 279920456 0 8050063 0 1.000000 6203 6203 310150000 775375000 1271 4646 4 200000 500000 4 200000 500000 4 200000 500000 4 200000 500000 3
1713646166006618 1 0 0 1 1 1 0 0 0 0 0 0 43 4 4 0 60 17 13 0 0 0 77356 5827 0 661 3291 131242 147121974 2167878 150 302585746 302585746 0 8584982 0 1.000000 6203 6203 310150000 775375000 1271 4318 4 200000 500000 4 200000 500000 4 200000 500000 4 200000 500000 3
1713646177596102 1 0 0 1 1 1 0 0 0 0 0 0 44 4 3 1 61 17 13 0 0 0 80577 5861 0 661 3735 131365 158697283 2177957 150 329744245 302585746 0 8584982 0 1.000000 6289 6289 314450000 786125000 7588 4482 4 200000 500000 4 200000 500000 4 200000 500000 4 200000 500000 3
1713646177597996 1 0 0 1 1 1 0 0 0 0 0 0 43 4 4 0 61 18 14 0 0 0 82171 6371 0 720 3735 131383 158697285 2177957 156 329744245 329744245 0 9110463 0 1.000000 6289 6289 314450000 786125000 7588 4786 4 200000 500000 4 200000 500000 4 200000 500000 4 200000 500000 3
1713646184545786 1 0 0 1 1 1 0 0 0 0 0 0 44 4 3 1 62 18 14 0 0 0 84436 6394 0 720 3917 131477 165633556 2186677 156 348282036 329744245 0 9110463 0 1.000000 6114 6114 305700000 764250000 4667 4781 4 200000 500000 4 200000 500000 4 200000 500000 4 200000 500000 3
1713646184547990 1 0 0 1 1 1 0 0 0 0 0 0 43 4 4 0 62 19 15 0 0 0 86404 6816 0 768 3917 131493 165633558 2186677 167 348282036 348282036 0 9645381 0 1.000000 6114 6114 305700000 764250000 4667 4771 4 200000 500000 4 200000 500000 4 200000 500000 4 200000 500000 3
1713646196013451 1 0 0 1 1 1 0 0 0 0 0 0 44 4 3 1 63 19 15 0 0 0 90113 6857 0 768 4110 131639 177086848 2194523 167 366696124 348282036 0 9645381 0 1.000000 6120 6120 306000000 765000000 6234 4845 4 200000 500000 4 200000 500000 4 200000 500000 4 200000 500000 3
1713646196015351 1 0 0 1 1 1 0 0 0 0 0 0 43 4 4 0 63 20 16 0 0 0 91771 7272 0 816 4110 131657 177086850 2194523 177 366696124 366696124 0 10170862 0 1.000000 6120 6120 306000000 765000000 6234 4981 4 200000 500000 4 200000 500000 4 200000 500000 4 200000 500000 3
1713646201530816 1 0 0 1 1 1 0 0 0 0 0 0 43 4 3 1 63 20 16 0 0 0 93792 7299 0 816 4321 166984 182564141 2194675 177 383675611 366696124 0 10170862 0 1.000000 6113 6113 305650000 764125000 5991 5080 4 200000 500000 4 200000 500000 4 200000 500000 4 200000 500000 3
1713646201534306 1 0 0 1 1 1 0 0 0 0 0 0 42 4 4 0 63 21 17 0 0 0 97023 7756 0 869 4322 167005 182564143 2194675 186 383675611 383675611 0 10696343 0 1.000000 6113 6113 305650000 764125000 5991 5170 4 200000 500000 4 200000 500000 4 200000 500000 4 200000 500000 3
1713646205332384 1 0 0 1 1 1 0 0 0 0 0 0 42 4 4 0 64 22 18 0 0 0 99759 8183 0 933 4476 167074 186348091 2205388 198 451866861 451866861 0 11231261 0 1.000000 5866 5866 293300000 733250000 3134 4973 4 200000 500000 4 200000 500000 4 200000 500000 4 200000 500000 3
1713646211321048 1 0 0 1 1 1 0 0 0 0 0 0 43 4 3 1 65 22 18 0 0 0 101602 8203 0 933 4657 167151 192326061 2213723 198 612875222 451866861 0 11231261 0 1.000000 6428 6428 321400000 803500000 13923 5421 4 200000 500000 4 200000 500000 4 200000 500000 4 200000 500000 3
1713646211322804 1 0 0 1 1 1 0 0 0 0 0 0 42 4 4 0 65 23 19 0 0 0 103065 8683 0 990 4657 167170 192326064 2213723 210 612875222 612875222 0 11766179 0 1.000000 6428 6428 321400000 803500000 13923 6251 4 200000 500000 4 200000 500000 4 200000 500000 4 200000 500000 3
1713646211700020 1 0 0 1 1 1 0 0 0 0 0 0 42 4 4 0 66 24 20 0 0 0 104835 9050 0 1041 4747 167203 192690965 2223757 221 628556978 628556978 0 11820230 0 1.000000 8120 8120 406000000 1015000000 31119 8677 4 200000 500000 4 200000 500000 4 200000 500000 4 200000 500000 2
1713646214271685 1 0 0 1 1 1 0 0 0 0 0 0 41 4 4 0 66 25 21 0 0 0 106854 9340 0 1082 4849 167254 195260107 2223790 225 631126763 631126763 0 11874281 0 1.000000 8004 8004 400200000 1000500000 5135 8332 4 200000 500000 4 200000 500000 4 200000 500000 4 200000 500000 2
1713646214651211 1 0 0 1 1 1 0 0 0 0 0 0 42 4 4 0 68 26 22 0 0 0 108787 9673 0 1130 4933 167284 195627670 2233349 234 644240717 644240717 0 12399761 0 1.000000 7839 7839 391950000 979875000 1296 7647 4 200000 500000 4 200000 500000 4 200000 500000 4 200000 500000 2
1713646217473633 1 0 0 1 1 1 0 0 0 0 0 0 42 4 4 0 69 27 23 0 0 0 111198 10089 0 1180 5103 167351 198444035 2236310 243 647439621 647439621 0 12925242 0 1.000000 7574 7574 378700000 946750000 2886 7183 4 200000 500000 4 200000 500000 4 200000 500000 4 200000 500000 3
1713646221774038 1 0 0 1 1 1 0 0 0 0 0 0 43 4 4 0 71 28 24 0 0 0 114071 10483 0 1231 5239 167436 202730777 2246455 254 657888091 657888091 0 12979293 0 1.000000 7382 7382 369100000 922750000 1205 6601 4 200000 500000 4 200000 500000 4 200000 500000 4 200000 500000 2
1713646225208919 1 0 0 1 1 1 0 0 0 0 0 0 43 4 4 0 72 29 25 0 0 0 116767 10953 0 1293 5402 167510 206153078 2255603 266 661320156 661320156 0 13033344 0 1.000000 7267 7267 363350000 908375000 3711 6320 4 200000 500000 4 200000 500000 4 200000 500000 4 200000 500000 2
1713646230744461 1 0 0 1 1 1 0 0 0 0 0 0 45 4 3 1 74 29 25 0 0 0 118716 10972 0 1293 5562 167594 211675555 2266198 266 666854637 661320156 0 13033344 0 1.000000 7106 7106 355300000 888250000 1354 6072 4 200000 500000 4 200000 500000 4 200000 500000 4 200000 500000 2
1713646230746429 1 0 0 1 1 1 0 0 0 0 0 0 44 4 4 0 74 30 26 0 0 0 120432 11427 0 1347 5563 167612 211675557 2266198 277 666854637 666854637 0 13074725 0 1.000000 7106 7106 355300000 888250000 1354 5613 4 200000 500000 4 200000 500000 4 200000 500000 4 200000 500000 2
1713646233403427 1 0 0 1 1 1 0 0 0 0 0 0 45 4 4 0 76 31 27 0 0 0 123048 11809 0 1401 5701 167679 214314496 2281027 287 685601512 685601512 0 13609643 0 1.000000 6976 6976 348800000 872000000 2184 5280 4 200000 500000 4 200000 500000 4 200000 500000 4 200000 500000 2
1713646235445306 1 0 0 1 1 1 0 0 0 0 0 0 44 4 4 0 76 32 28 0 0 0 125327 12116 0 1433 5827 167735 216353504 2281101 292 690297756 690297756 0 14135123 0 1.000000 6806 6806 340300000 850750000 3649 5122 4 200000 500000 4 200000 500000 4 200000 500000 4 200000 500000 3
1713646251800509 1 0 0 1 1 1 0 0 0 0 0 0 44 4 3 1 76 32 28 0 0 0 130237 12175 0 1433 5986 167950 232703018 2281236 292 706651661 690297756 0 14135123 0 1.000000 6662 6662 333100000 832750000 1627 4948 4 200000 500000 4 200000 500000 4 200000 500000 4 200000 500000 3
1713646251802526 1 0 0 1 1 1 0 0 0 0 0 0 43 4 4 0 76 33 29 0 0 0 132085 12486 0 1467 5987 167966 232703021 2281236 297 706651661 706651661 0 14138007 0 1.000000 6662 6662 333100000 832750000 1627 4625 4 200000 500000 4 200000 500000 4 200000 500000 4 200000 500000 2
1713646253835416 1 0 0 1 1 1 0 0 0 0 0 0 42 4 4 0 76 34 30 0 0 0 134125 12838 0 1515 6112 168014 234733255 2281300 306 708682483 708682483 0 14179388 0 1.000000 6644 6644 332200000 830500000 5956 4756 4 200000 500000 4 200000 500000 4 200000 500000 4 200000 500000 2
1713646256441542 1 0 0 1 1 1 0 0 0 0 0 0 41 4 4 0 76 35 31 0 0 0 136466 13241 0 1564 6252 168073 237336373 2281338 316 711285802 711285802 0 14233439 0 1.000000 6503 6503 325150000 812875000 780 4370 4 200000 500000 4 200000 500000 4 200000 500000 4 200000 500000 2
1713646260744613 1 0 0 1 1 1 0 0 0 0 0 0 40 4 4 0 76 36 32 0 0 0 141762 13764 0 1623 6419 204063 241597398 2281378 327 715583843 715583843 0 14758920 0 1.000000 6382 6382 319100000 797750000 1049 3898 4 200000 500000 4 200000 500000 4 200000 500000 4 200000 500000 3
1713646276921371 1 0 0 1 1 1 0 0 0 0 0 0 42 4 3 1 78 36 32 0 0 0 146637 13819 0 1623 6631 204261 257746057 2303889 327 731758491 715583843 0 14758920 0 1.000000 6275 6275 313750000 784375000 1666 3787 4 200000 500000 4 200000 500000 4 200000 500000 4 200000 500000 3
1713646276924782 1 0 0 1 1 1 0 0 0 0 0 0 41 4 4 0 78 37 33 0 0 0 149896 14144 0 1653 6632 204279 257746059 2303889 332 731758491 731758491 0 15284401 0 1.000000 6275 6275 313750000 784375000 1666 3581 4 200000 500000 4 200000 500000 4 200000 500000 4 200000 500000 3
1713646277010500 1 0 0 1 1 1 0 0 0 0 0 0 40 4 4 0 78 38 34 0 0 0 151603 14462 0 1699 6755 204307 257829501 2303966 341 775362766 775362766 0 15287285 0 1.000000 6105 6105 305250000 763125000 2774 3503 4 200000 500000 4 200000 500000 4 200000 500000 4 200000 500000 2
1713646279193949 1 0 0 1 1 1 0 0 0 0 0 0 40 4 4 0 79 39 35 0 0 0 153850 14807 0 1746 6947 204364 260000034 2314013 346 777544005 777544005 0 15341336 0 1.000000 6315 6315 315750000 789375000 14939 4619 4 200000 500000 4 200000 500000 4 200000 500000 4 200000 500000 2
1713646287833417 1 0 0 1 1 1 0 0 0 0 0 0 40 4 3 1 79 39 35 0 0 0 156322 14835 0 1746 7130 204463 268636389 2314097 346 788450741 777544005 0 15341336 0 1.000000 6223 6223 311150000 777875000 1010 4439 4 200000 500000 4 200000 500000 4 200000 500000 4 200000 500000 2
1713646287835003 1 0 0 1 1 1 0 0 0 0 0 0 39 4 4 0 79 40 36 0 0 0 157675 15266 0 1796 7130 204483 268636391 2314097 355 788450741 788450741 0 15341743 0 1.000000 6223 6223 311150000 777875000 1010 4106 4 200000 500000 4 200000 500000 4 200000 500000 4 200000 500000 2
1713646288429302 1 0 0 1 1 1 0 0 0 0 0 0 38 4 4 0 79 41 37 0 0 0 159344 15644 0 1843 7268 204515 269228382 2314164 364 797683638 797683638 0 15395794 0 1.000000 6055 6055 302750000 756875000 2068 3909 4 200000 500000 4 200000 500000 4 200000 500000 4 200000 500000 2
1713646291556747 1 0 0 1 1 1 0 0 0 0 0 0 39 4 4 0 81 42 38 0 0 0 162417 16045 0 1897 7732 204592 272341105 2324840 376 801403087 801403087 0 15449845 0 1.000000 6019 6019 300950000 752375000 4017 3921 4 200000 500000 4 200000 500000 4 200000 500000 4 200000 500000 2
1713646293898292 1 0 0 1 1 1 0 0 0 0 0 0 38 4 4 0 81 43 39 0 0 0 164588 16716 0 1953 7868 204646 274679515 2324913 381 806869341 806869341 0 15975325 0 1.000000 5956 5956 297800000 744500000 1835 3718 4 200000 500000 4 200000 500000 4 200000 500000 4 200000 500000 2
1713646297882499 1 0 0 1 1 1 0 0 0 0 0 0 39 4 4 0 83 44 40 0 0 0 167316 17175 0 2002 8034 204721 278648944 2336232 391 813191864 813191864 0 16510243 0 1.000000 5883 5883 294150000 735375000 2098 3561 4 200000 500000 4 200000 500000 4 200000 500000 4 200000 500000 3
1713646316560328 1 0 0 1 1 1 0 0 0 0 0 0 41 4 3 1 85 44 40 0 0 0 172759 17238 0 2002 8330 205063 297307346 2349169 391 835847244 813191864 0 16510243 0 1.000000 5801 5801 290050000 725125000 2089 3488 4 200000 500000 4 200000 500000 4 200000 500000 4 200000 500000 3
1713646316563040 1 0 0 1 1 1 0 0 0 0 0 0 40 4 4 0 85 45 41 0 0 0 175186 17762 0 2059 8330 205082 297307349 2349169 398 835847244 835847244 0 16551624 0 1.000000 5801 5801 290050000 725125000 2089 3353 4 200000 500000 4 200000 500000 4 200000 500000 4 200000 500000 2
1713646317340855 1 0 0 1 1 1 0 0 0 0 0 0 39 4 4 0 85 46 42 0 0 0 176834 18936 0 2086 8434 205113 298082050 2349301 402 855301768 855301768 0 17077106 0 1.000000 5637 5637 281850000 704625000 2799 3300 4 200000 500000 4 200000 500000 4 200000 500000 4 200000 500000 2
1713646327222309 1 0 0 1 1 1 0 0 0 0 0 0 40 4 3 1 86 46 42 0 0 0 180251 18980 0 2086 8635 248056 307907674 2358179 402 865959982 855301768 0 17077106 0 1.000000 5616 5616 280800000 702000000 4836 3450 4 200000 500000 4 200000 500000 4 200000 500000 4 200000 500000 2
1713646327224055 1 0 0 1 1 1 0 0 0 0 0 0 39 4 4 0 86 47 43 0 0 0 181706 19544 0 2142 8635 248090 307907676 2358179 412 865959982 865959982 0 17131157 0 1.000000 5616 5616 280800000 702000000 4836 3586 4 200000 500000 4 200000 500000 4 200000 500000 4 200000 500000 2
1713646330796426 1 0 0 1 1 1 0 0 0 0 0 0 38 4 4 0 86 48 44 0 0 0 185336 19952 0 2191 8784 248169 311475592 2358343 440 869528834 869528834 0 17185208 0 1.000000 5554 5554 277700000 694250000 2939 3524 4 200000 500000 4 200000 500000 4 200000 500000 4 200000 500000 2
1713646334063411 1 0 0 1 1 1 0 0 0 0 0 0 39 4 4 0 88 49 45 0 0 0 187941 20403 0 2249 8946 248230 314724959 2372655 451 872792756 872792756 0 17710689 0 1.000000 5482 5482 274100000 685250000 1330 3311 4 200000 500000 4 200000 500000 4 200000 500000 4 200000 500000 3
1713646335015378 1 0 0 1 1 1 0 0 0 0 0 0 40 4 4 0 90 50 46 0 0 0 189714 20792 0 2296 9071 248267 315661153 2386076 461 890463797 890463797 0 17752070 0 1.000000 5379 5379 268950000 672375000 895 3077 4 200000 500000 4 200000 500000 4 200000 500000 4 200000 500000 2
1713646335252209 1 0 0 1 1 1 0 0 0 0 0 0 39 4 4 0 90 51 47 0 0 0 191754 21140 0 2350 9194 248295 315895376 2386119 471 1020380371 1020380371 0 18277551 0 1.000000 5383 5383 269150000 672875000 5587 3323 4 200000 500000 4 200000 500000 4 200000 500000 4 200000 500000 2
1713646339656555 1 0 0 1 1 1 0 0 0 0 0 0 39 4 4 0 91 52 48 0 0 0 197119 21646 0 2380 9342 248378 320283706 2396006 476 1025012929 1025012929 0 18803032 0 1.000000 6060 6060 303000000 757500000 43876 7278 4 200000 500000 4 200000 500000 4 200000 500000 4 200000 500000 3
1713646345113991 1 0 0 1 1 1 0 0 0 0 0 0 39 4 3 1 91 52 48 0 0 0 199176 21664 0 2380 9552 248452 325738433 2396099 476 1152649707 1025012929 0 18803032 0 1.000000 5868 5868 293400000 733500000 735 6951 4 200000 500000 4 200000 500000 4 200000 500000 4 200000 500000 3
1713646345118226 1 0 0 1 1 1 0 0 0 0 0 0 38 4 4 0 91 53 49 0 0 0 203177 22099 0 2443 9552 248473 325738436 2396099 483 1152649707 1152649707 0 18805916 0 1.000000 5868 5868 293400000 733500000 735 6346 4 200000 500000 4 200000 500000 4 200000 500000 4 200000 500000 2
1713646347773961 1 0 0 1 1 1 0 0 0 0 0 0 37 4 4 0 91 54 50 0 0 0 205693 22601 0 2495 9702 248531 328390847 2396165 493 1155302759 1155302759 0 19340835 0 1.000000 6410 6410 320500000 801250000 24828 8149 4 200000 500000 4 200000 500000 4 200000 500000 4 200000 500000 3
1713646350418310 1 0 0 1 1 1 0 0 0 0 0 0 36 4 4 0 91 55 51 0 0 0 208086 23042 0 2552 9853 248592 331032050 2396236 505 1170465926 1170465926 0 19382216 0 1.000000 6282 6282 314100000 785250000 532 7408 4 200000 500000 4 200000 500000 4 200000 500000 4 200000 500000 2
1713646354281099 1 0 0 1 1 1 0 0 0 0 0 0 35 4 4 0 91 56 52 0 0 0 211806 23440 0 2600 10004 248658 334890397 2396312 516 1174325062 1174325062 0 19917134 0 1.000000 6320 6320 316000000 790000000 5097 7184 4 200000 500000 4 200000 500000 4 200000 500000 4 200000 500000 3
1713646360326741 1 0 0 1 1 1 0 0 0 0 0 0 36 4 3 1 92 56 52 0 0 0 213572 23454 0 2600 10157 248724 340928514 2401591 516 1194993964 1174325062 0 19917134 0 1.000000 6312 6312 315600000 789000000 1615 6906 4 200000 500000 4 200000 500000 4 200000 500000 4 200000 500000 3
1713646360328244 1 0 0 1 1 1 0 0 0 0 0 0 35 4 4 0 92 57 53 0 0 0 214786 23936 0 2661 10157 248743 340928515 2401591 524 1194993964 1194993964 0 19958515 0 1.000000 6312 6312 315600000 789000000 1615 6391 4 200000 500000 4 200000 500000 4 200000 500000 4 200000 500000 2
1713646366094803 1 0 0 1 1 1 0 0 0 0 0 0 35 4 3 1 92 57 53 0 0 0 216643 23953 0 2661 10342 248815 346692573 2401679 524 1213312743 1194993964 0 19958515 0 1.000000 6101 6101 305050000 762625000 4109 6277 4 200000 500000 4 200000 500000 4 200000 500000 4 200000 500000 2
1713646366096434 1 0 0 1 1 1 0 0 0 0 0 0 34 4 4 0 92 58 54 0 0 0 218046 24408 0 2732 10344 248832 346692575 2401679 537 1213312743 1213312743 0 20483995 0 1.000000 6101 6101 305050000 762625000 4109 6066 4 200000 500000 4 200000 500000 4 200000 500000 4 200000 500000 2
1713646366892488 1 0 0 1 1 1 0 0 0 0 0 0 34 4 4 0 93 59 55 0 0 0 220151 24777 0 2782 10478 248872 347477409 2410229 547 1219874115 1219874115 0 20486879 0 1.000000 6054 6054 302700000 756750000 4920 5955 4 200000 500000 4 200000 500000 4 200000 500000 4 200000 500000 2
1713646368542225 1 0 0 1 1 1 0 0 0 0 0 0 33 4 4 0 93 60 56 0 0 0 222303 25139 0 2829 10602 248915 349124400 2410266 557 1234132195 1234132195 0 20489763 0 1.000000 5750 5750 287500000 718750000 2875 5655 4 200000 500000 4 200000 500000 4 200000 500000 4 200000 500000 2
1713646369827937 1 0 0 1 1 1 0 0 0 0 0 0 33 4 4 0 94 61 57 0 0 0 224374 25616 0 2877 10725 248961 350399787 2417846 568 1237065258 1237065258 0 21015244 0 1.000000 5775 5775 288750000 721875000 3627 5458 4 200000 500000 4 200000 500000 4 200000 500000 4 200000 500000 2
1713646372349339 1 0 0 1 1 1 0 0 0 0 0 0 32 4 4 0 94 62 58 0 0 0 226468 26621 0 2905 10903 249015 352917778 2417899 574 1240869251 1240869251 0 21069295 0 1.000000 5758 5758 287900000 719750000 1165 5041 4 200000 500000 4 200000 500000 4 200000 500000 4 200000 500000 2
1713646376087893 1 0 0 1 1 1 0 0 0 0 0 0 32 4 4 0 95 63 59 0 0 0 229192 27016 0 2956 11061 249082 356649322 2421535 585 1250857537 1250857537 0 21594776 0 1.000000 5672 5672 283600000 709000000 1158 4663 4 200000 500000 4 200000 500000 4 200000 500000 4 200000 500000 2
1713646376362929 1 0 0 1 1 1 0 0 0 0 0 0 31 4 4 0 95 64 60 0 0 0 230850 27419 0 3005 11151 249113 356922087 2421600 595 1254868708 1254868708 0 21636157 0 1.000000 5671 5671 283550000 708875000 3458 4546 4 200000 500000 4 200000 500000 4 200000 500000 4 200000 500000 2
1713646377282362 1 0 0 1 1 1 0 0 0 0 0 0 32 4 4 0 97 65 61 0 0 0 233328 27719 0 3048 11291 249147 357827047 2432897 600 1298083832 1298083832 0 22171075 0 1.000000 5634 5634 281700000 704250000 1846 4283 4 200000 500000 4 200000 500000 4 200000 500000 4 200000 500000 2
1713646381302124 1 0 0 1 1 1 0 0 0 0 0 0 31 4 4 0 97 66 62 0 0 0 235640 28295 0 3114 11479 285002 361807804 2432942 606 1303020641 1303020641 0 22212456 0 1.000000 5854 5854 292700000 731750000 14239 5704 4 200000 500000 4 200000 500000 4 200000 500000 4 200000 500000 2
1713646383825107 1 0 0 1 1 1 0 0 0 0 0 0 30 4 4 0 97 67 63 0 0 0 237629 28674 0 3163 11639 285054 364327986 2433129 616 1317014126 1317014126 0 22266507 0 1.000000 5776 5776 288800000 722000000 2170 5361 4 200000 500000 4 200000 500000 4 200000 500000 4 200000 500000 2
1713646385379321 1 0 0 1 1 1 0 0 0 0 0 0 29 4 4 0 97 68 64 0 0 0 239539 29092 0 3214 11764 285099 365879608 2433196 627 1321088620 1321088620 0 22320558 0 1.000000 5771 5771 288550000 721375000 3778 5207 4 200000 500000 4 200000 500000 4 200000 500000 4 200000 500000 2
1713646386529215 1 0 0 1 1 1 0 0 0 0 0 0 28 4 4 0 97 69 65 0 0 0 242048 29450 0 3265 11906 285147 367026361 2433251 637 1331526445 1331526445 0 22846038 0 1.000000 5704 5704 285200000 713000000 1670 4863 4 200000 500000 4 200000 500000 4 200000 500000 4 200000 500000 2
1713646387592043 1 0 0 1 1 1 0 0 0 0 0 0 27 4 4 0 97 70 66 0 0 0 243912 29852 0 3319 12041 285185 368086669 2433307 647 1335290848 1335290848 0 22900089 0 1.000000 5664 5664 283200000 708000000 3651 4746 4 200000 500000 4 200000 500000 4 200000 500000 4 200000 500000 2
1713646388012333 1 0 0 1 1 1 0 0 0 0 0 0 28 4 4 0 99 71 67 0 0 0 245665 30209 0 3366 12156 285228 368493275 2444692 658 1337921047 1337921047 0 22902973 0 1.000000 5696 5696 284800000 712000000 1741 4454 4 200000 500000 4 200000 500000 4 200000 500000 4 200000 500000 2
1713646388784991 1 0 0 1 1 1 0 0 0 0 0 0 29 4 4 0 101 72 68 0 0 0 247327 30607 0 3423 12254 285261 369253908 2454499 671 1349420908 1349420908 0 22905857 0 1.000000 5373 5373 268650000 671625000 961 4115 4 200000 500000 4 200000 500000 4 200000 500000 4 200000 500000 1
1713646390658853 1 0 0 1 1 1 0 0 0 0 0 0 29 4 4 0 102 73 69 0 0 0 249533 31011 0 3475 12409 285311 371117516 2461913 682 1351292142 1351292142 0 22908741 0 1.000000 4516 4516 225800000 564500000 3440 4050 4 200000 500000 4 200000 500000 4 200000 500000 4 200000 500000 1
1713646391522597 1 0 0 1 1 1 0 0 0 0 0 0 28 4 4 0 102 74 70 0 0 0 251178 31321 0 3520 12504 285346 371979086 2461975 698 1354800284 1354800284 0 22950122 0 1.000000 4457 4457 222850000 557125000 875 3742 4 200000 500000 4 200000 500000 4 200000 500000 4 200000 500000 1
1713646392546653 1 0 0 1 1 1 0 0 0 0 0 0 27 4 4 0 102 75 71 0 0 0 252860 31680 0 3582 12620 285384 373000881 2462015 708 1356686064 1356686064 0 23004173 0 1.000000 4461 4461 223050000 557625000 1719 3545 4 200000 500000 4 200000 500000 4 200000 500000 4 200000 500000 1
1713646395355696 1 0 0 1 1 1 0 0 0 0 0 0 26 4 4 0 102 76 72 0 0 0 255221 32110 0 3632 12768 285439 375806856 2462064 719 1360516097 1360516097 0 23007057 0 1.000000 4452 4452 222600000 556500000 811 3280 4 200000 500000 4 200000 500000 4 200000 500000 4 200000 500000 1
1713646397433754 1 0 0 1 1 1 0 0 0 0 0 0 25 4 4 0 102 77 73 0 0 0 257133 32459 0 3687 12934 285492 377882334 2462136 725 1362591941 1362591941 0 23008417 0 1.000000 4460 4460 223000000 557500000 1513 3109 4 200000 500000 4 200000 500000 4 200000 500000 4 200000 500000 1
1713646397566403 1 0 0 1 1 1 0 0 0 0 0 0 24 4 4 0 102 78 74 0 0 0 258674 32768 0 3733 13036 285519 378012922 2462191 734 1362722551 1362722551 0 23011301 0 1.000000 4415 4415 220750000 551875000 813 2886 4 200000 500000 4 200000 500000 4 200000 500000 4 200000 500000 1
1713646397781628 1 0 0 1 1 1 0 0 0 0 0 0 23 4 4 0 102 79 75 0 0 0 260843 33124 0 3786 13116 285548 378225467 2462215 746 1373971698 1373971698 0 23536782 0 1.000000 4413 4413 220650000 551625000 71 2613 4 200000 500000 4 200000 500000 4 200000 500000 4 200000 500000 1
1713646398655747 1 0 0 1 1 1 0 0 0 0 0 0 22 4 4 0 102 80 76 0 0 0 262674 33491 0 3834 13233 285582 379097182 2462246 756 1385032733 1385032733 0 24062263 0 1.000000 4430 4430 221500000 553750000 3515 2702 4 200000 500000 4 200000 500000 4 200000 500000 4 200000 500000 2
1713646399626509 1 0 0 1 1 1 0 0 0 0 0 0 23 4 4 0 104 81 77 0 0 0 264170 33871 0 3889 13342 285614 380053312 2474836 767 1387090768 1387090768 0 24065147 0 1.000000 4458 4458 222900000 557250000 4602 2888 4 200000 500000 4 200000 500000 4 200000 500000 4 200000 500000 2
1713646402272849 1 0 0 1 1 1 0 0 0 0 0 0 22 4 4 0 104 82 78 0 0 0 267983 34264 0 3945 13496 285662 382695181 2474874 774 1389732436 1389732436 0 24600064 0 1.000000 4468 4468 223400000 558500000 1048 2709 4 200000 500000 4 200000 500000 4 200000 500000 4 200000 500000 2
1713646408231136 1 0 0 1 1 1 0 0 0 0 0 0 22 4 3 1 104 82 78 0 0 0 268993 34283 0 3945 13826 285724 388651608 2474947 774 1399306214 1389732436 0 24600064 0 1.000000 4386 4386 219300000 548250000 1043 2626 4 200000 500000 4 200000 500000 4 200000 500000 4 200000 500000 2
1713646408235353 1 0 0 1 1 1 0 0 0 0 0 0 21 4 4 0 104 83 79 0 0 0 272874 34843 0 3993 13826 285785 388651614 2474947 795 1399306214 1399306214 0 24641445 0 1.000000 4386 4386 219300000 548250000 1043 2472 4 200000 500000 4 200000 500000 4 200000 500000 4 200000 500000 2
1713646411769216 1 0 0 1 1 1 0 0 0 0 0 0 20 4 4 0 104 84 80 0 0 0 275064 35408 0 4031 14173 285869 392181958 2475244 801 1402837461 1402837461 0 25176363 0 1.000000 4414 4414 220700000 551750000 2896 2515 4 200000 500000 4 200000 500000 4 200000 500000 4 200000 500000 2
1713646414439861 1 0 0 1 1 1 0 0 0 0 0 0 19 4 4 0 104 85 81 0 0 0 277099 35731 0 4059 14342 285920 394849902 2475336 805 1424727712 1424727712 0 25701843 0 1.000000 4351 4351 217550000 543875000 709 2340 4 200000 500000 4 200000 500000 4 200000 500000 4 200000 500000 3
1713646421700996 1 0 0 1 1 1 0 0 0 0 0 0 21 4 3 1 106 85 81 0 0 0 278480 35763 0 4059 14544 286008 402097548 2486848 805 1444154226 1424727712 0 25701843 0 1.000000 4462 4462 223100000 557750000 8555 2651 4 200000 500000 4 200000 500000 4 200000 500000 4 200000 500000 3
1713646421702710 1 0 0 1 1 1 0 0 0 0 0 0 20 4 4 0 106 86 82 0 0 0 279881 36286 0 4118 14544 286026 402097551 2486848 817 1444154226 1444154226 0 26236760 0 1.000000 4462 4462 223100000 557750000 8555 3228 4 200000 500000 4 200000 500000 4 200000 500000 4 200000 500000 3
1713646432478057 1 0 0 1 1 1 0 0 0 0 0 0 21 4 3 1 107 86 82 0 0 0 281671 36327 0 4118 14721 286144 412861852 2495521 817 1478849287 1444154226 0 26236760 0 1.000000 4506 4506 225300000 563250000 3894 3262 4 200000 500000 4 200000 500000 4 200000 500000 4 200000 500000 3
1713646432479626 1 0 0 1 1 1 0 0 0 0 0 0 20 4 4 0 107 87 83 0 0 0 282985 36768 0 4169 14722 286159 412861853 2495521 828 1478849287 1478849287 0 26278141 0 1.000000 4506 4506 225300000 563250000 3894 3324 4 200000 500000 4 200000 500000 4 200000 500000 4 200000 500000 2
1713646440533019 1 0 0 1 1 1 0 0 0 0 0 0 20 4 3 1 107 87 83 0 0 0 284501 36802 0 4169 14889 319906 420879421 2495612 828 1497678299 1478849287 0 26278141 0 1.000000 4437 4437 221850000 554625000 10232 3999 4 200000 500000 4 200000 500000 4 200000 500000 4 200000 500000 2
1713646440535265 1 0 0 1 1 1 0 0 0 0 0 0 19 4 4 0 107 88 84 0 0 0 286485 37270 0 4225 14890 319925 420879422 2495612 840 1497678299 1497678299 0 26319522 0 1.000000 4437 4437 221850000 554625000 10232 4608 4 200000 500000 4 200000 500000 4 200000 500000 4 200000 500000 2
1713646448040422 1 0 0 1 1 1 0 0 0 0 0 0 20 4 3 1 108 88 84 0 0 0 287790 37289 0 4225 15091 319998 428373350 2504972 840 1533947992 1497678299 0 26319522 0 1.000000 4523 4523 226150000 565375000 6718 4714 4 200000 500000 4 200000 500000 4 200000 500000 4 200000 500000 2
1713646448042135 1 0 0 1 1 1 0 0 0 0 0 0 19 4 4 0 108 89 85 0 0 0 289251 37759 0 4278 15092 320014 428373351 2504972 851 1533947992 1533947992 0 26373573 0 1.000000 4523 4523 226150000 565375000 6718 4911 4 200000 500000 4 200000 500000 4 200000 500000 4 200000 500000 1
1713646451952409 1 0 0 1 1 1 0 0 0 0 0 0 19 4 4 0 109 90 86 0 0 0 292575 38236 0 4345 15254 320071 432269609 2514936 864 1553416347 1553416347 0 26374933 0 1.000000 4748 4748 237400000 593500000 11697 5574 4 200000 500000 4 200000 500000 4 200000 500000 4 200000 500000 1
1713646452194790 1 0 0 1 1 1 0 0 0 0 0 0 18 4 4 0 109 91 87 0 0 0 295220 38593 0 4392 15349 320108 432508748 2515021 877 1553655110 1553655110 0 26900414 0 1.000000 4793 4793 239650000 599125000 6607 5676 4 200000 500000 4 200000 500000 4 200000 500000 4 200000 500000 2
1713646454684304 1 0 0 1 1 1 0 0 0 0 0 0 17 4 4 0 109 92 88 0 0 0 296971 39031 0 4444 15500 320157 434995812 2515052 887 1567801712 1567801712 0 26954465 0 1.000000 4723 4723 236150000 590375000 66 5130 4 200000 500000 4 200000 500000 4 200000 500000 4 200000 500000 2
1713646458322116 1 0 0 1 1 1 0 0 0 0 0 0 16 4 4 0 109 93 89 0 0 0 298958 39336 0 4473 15665 320215 438631007 2515120 892 1571436598 1571436598 0 26957349 0 1.000000 4766 4766 238300000 595750000 4740 5093 4 200000 500000 4 200000 500000 4 200000 500000 4 200000 500000 2
1713646461400202 1 0 0 1 1 1 0 0 0 0 0 0 17 4 4 0 111 94 90 0 0 0 300972 39728 0 4522 15842 320272 441695351 2526192 902 1574512248 1574512248 0 27011400 0 1.000000 4759 4759 237950000 594875000 1347 4729 4 200000 500000 4 200000 500000 4 200000 500000 4 200000 500000 2
1713646466137133 1 0 0 1 1 1 0 0 0 0 0 0 16 4 4 0 111 95 91 0 0 0 304688 40123 0 4571 16123 320341 446427687 2526294 911 1592602557 1592602557 0 27052781 0 1.000000 4812 4812 240600000 601500000 1358 4401 4 200000 500000 4 200000 500000 4 200000 500000 4 200000 500000 2
1713646466645193 1 0 0 1 1 1 0 0 0 0 0 0 17 4 4 0 113 96 92 0 0 0 305957 40504 0 4619 16219 320374 446922835 2537404 920 1597845248 1597845248 0 27106832 0 1.000000 4835 4835 241750000 604375000 6023 4560 4 200000 500000 4 200000 500000 4 200000 500000 4 200000 500000 2
1713646471632622 1 0 0 1 1 1 0 0 0 0 0 0 18 4 4 0 115 97 93 0 0 0 308090 40942 0 4674 16402 320444 451898230 2546577 926 1602829654 1602829654 0 27160883 0 1.000000 4836 4836 241800000 604500000 2107 4322 4 200000 500000 4 200000 500000 4 200000 500000 4 200000 500000 2
1713646471708656 1 0 0 1 1 1 0 0 0 0 0 0 19 4 4 0 117 98 94 0 0 0 309575 41300 0 4723 16508 320478 451961235 2557596 935 1608398885 1608398885 0 27163767 0 1.000000 4845 4845 242250000 605625000 1867 4084 4 200000 500000 4 200000 500000 4 200000 500000 4 200000 500000 2
1713646473722155 1 0 0 1 1 1 0 0 0 0 0 0 18 4 4 0 117 99 95 0 0 0 311207 42078 0 4781 16654 320526 453972079 2557624 949 1610409996 1610409996 0 27217818 0 1.000000 4854 4854 242700000 606750000 1443 3827 4 200000 500000 4 200000 500000 4 200000 500000 4 200000 500000 2
1713646474854602 1 0 0 1 1 1 0 0 0 0 0 0 17 4 4 0 117 100 96 0 0 0 312738 42387 0 4813 16748 320560 455102476 2557679 955 1613629824 1613629824 0 27743299 0 1.000000 4776 4776 238800000 597000000 856 3538 4 200000 500000 4 200000 500000 4 200000 500000 4 200000 500000 2
1713646478109586 1 0 0 1 1 1 0 0 0 0 0 0 18 4 4 0 119 101 97 0 0 0 314676 42991 0 4870 16942 320615 458344385 2567937 966 1618014052 1618014052 0 28278216 0 1.000000 3958 3958 197900000 494750000 1527 3343 4 200000 500000 4 200000 500000 4 200000 500000 4 200000 500000 3
1713646489238618 1 0 0 1 1 1 0 0 0 0 0 0 20 4 3 1 121 101 97 0 0 0 316727 43029 0 4870 17139 320732 469460451 2578231 966 1629140458 1618014052 0 28278216 0 1.000000 4051 4051 202550000 506375000 1566 3255 4 200000 500000 4 200000 500000 4 200000 500000 4 200000 500000 3
1713646489241391 1 0 0 1 1 1 0 0 0 0 0 0 19 4 4 0 121 102 98 0 0 0 319342 43394 0 4900 17139 320746 469460453 2578231 972 1629140458 1629140458 0 28319597 0 1.000000 4051 4051 202550000 506375000 1566 3091 4 200000 500000 4 200000 500000 4 200000 500000 4 200000 500000 2
1713646493814428 1 0 0 1 1 1 0 0 0 0 0 0 19 4 4 0 122 103 99 0 0 0 321691 43809 0 4936 17328 320814 474021364 2587306 984 1633708250 1633708250 0 28360978 0 1.000000 3279 3279 163950000 409875000 2734 3057 4 200000 500000 4 200000 500000 4 200000 500000 4 200000 500000 2
1713646500227399 1 0 0 1 1 1 0 0 0 0 0 0 19 4 3 1 122 103 99 0 0 0 322843 43848 0 4936 17496 354991 480398354 2587394 984 1640119459 1633708250 0 28360978 0 1.000000 3265 3265 163250000 408125000 736 2831 4 200000 500000 4 200000 500000 4 200000 500000 4 200000 500000 2
1713646500229774 1 0 0 1 1 1 0 0 0 0 0 0 18 4 4 0 122 104 100 0 0 0 324957 44410 0 4991 17496 355010 480398356 2587394 993 1640119459 1640119459 0 28415029 0 1.000000 3265 3265 163250000 408125000 736 2628 4 200000 500000 4 200000 500000 4 200000 500000 4 200000 500000 2
1713646500791915 1 0 0 1 1 1 0 0 0 0 0 0 17 4 4 0 122 105 101 0 0 0 327231 44757 0 5044 17596 355038 480957564 2587554 1002 1666053275 1666053275 0 28469080 0 1.000000 3196 3196 159800000 399500000 1899 2558 4 200000 500000 4 200000 500000 4 200000 500000 4 200000 500000 2
1713646503104547 1 0 0 1 1 1 0 0 0 0 0 0 17 4 4 0 123 106 102 0 0 0 328947 45172 0 5092 17786 355091 483262386 2592962 1013 1668925201 1668925201 0 28510461 0 1.000000 3343 3343 167150000 417875000 10183 3303 4 200000 500000 4 200000 500000 4 200000 500000 4 200000 500000 2
1713646504613322 1 0 0 1 1 1 0 0 0 0 0 0 18 4 4 0 125 107 103 0 0 0 330618 45595 0 5153 17929 355129 484757192 2604626 1023 1672744084 1672744084 0 28513345 0 1.000000 3253 3253 162650000 406625000 786 3059 4 200000 500000 4 200000 500000 4 200000 500000 4 200000 500000 2
1713646507415587 1 0 0 1 1 1 0 0 0 0 0 0 19 4 4 0 127 108 104 0 0 0 331934 45914 0 5201 18052 355174 487545629 2616621 1028 1675544625 1675544625 0 28554726 0 1.000000 3165 3165 158250000 395625000 1205 2879 4 200000 500000 4 200000 500000 4 200000 500000 4 200000 500000 2
1713646512423155 1 0 0 1 1 1 0 0 0 0 0 0 19 4 3 1 127 108 104 0 0 0 332878 45932 0 5201 18198 355223 492551739 2616688 1028 1684862373 1675544625 0 28554726 0 1.000000 3145 3145 157250000 393125000 1390 2805 4 200000 500000 4 200000 500000 4 200000 500000 4 200000 500000 2
1713646512424543 1 0 0 1 1 1 0 0 0 0 0 0 18 4 4 0 127 109 105 0 0 0 334106 46273 0 5231 18199 355239 492551741 2616688 1034 1684862373 1684862373 0 28557610 0 1.000000 3145 3145 157250000 393125000 1390 2668 4 200000 500000 4 200000 500000 4 200000 500000 4 200000 500000 2
1713646512564554 1 0 0 1 1 1 0 0 0 0 0 0 17 4 4 0 127 110 106 0 0 0 335515 46652 0 5278 18305 355266 492689759 2616740 1045 1690009106 1690009106 0 28560494 0 1.000000 3151 3151 157550000 393875000 4487 2846 4 200000 500000 4 200000 500000 4 200000 500000 4 200000 500000 2
1713646515754922 1 0 0 1 1 1 0 0 0 0 0 0 16 4 4 0 127 111 107 0 0 0 337228 46928 0 5307 18427 355318 495877916 2616763 1050 1693337647 1693337647 0 28601875 0 1.000000 3183 3183 159150000 397875000 2898 2852 4 200000 500000 4 200000 500000 4 200000 500000 4 200000 500000 2
1713646516519801 1 0 0 1 1 1 0 0 0 0 0 0 15 4 4 0 127 112 108 0 0 0 338690 47287 0 5357 18540 355347 496640744 2616826 1060 1697290823 1697290823 0 28604759 0 1.000000 3213 3213 160650000 401625000 1837 2754 4 200000 500000 4 200000 500000 4 200000 500000 4 200000 500000 2
1713646519302832 1 0 0 1 1 1 0 0 0 0 0 0 14 4 4 0 127 113 109 0 0 0 340803 47647 0 5405 18708 355396 499421025 2616860 1069 1700070533 1700070533 0 28607643 0 1.000000 3193 3193 159650000 399125000 2087 2690 4 200000 500000 4 200000 500000 4 200000 500000 4 200000 500000 2
1713646521212937 1 0 0 1 1 1 0 0 0 0 0 0 13 4 4 0 127 114 110 0 0 0 342565 48130 0 5491 18909 355449 501328539 2616918 1083 1769085640 1769085640 0 28608410 0 1.000000 3171 3171 158550000 396375000 1011 2528 4 200000 500000 4 200000 500000 4 200000 500000 4 200000 500000 1
1713646521594498 1 0 0 1 1 1 0 0 0 0 0 0 13 4 4 0 128 115 111 0 0 0 344166 48460 0 5538 19027 355480 501702795 2622118 1092 1771375180 1771375180 0 28611294 0 1.000000 3335 3335 166750000 416875000 17852 4023 4 200000 500000 4 200000 500000 4 200000 500000 4 200000 500000 1
1713646524444570 1 0 0 1 1 1 0 0 0 0 0 0 12 4 4 0 128 116 112 0 0 0 345808 49035 0 5595 19185 355528 504550386 2622149 1105 1774222183 1774222183 0 28652675 0 1.000000 3315 3315 165750000 414375000 993 3729 4 200000 500000 4 200000 500000 4 200000 500000 4 200000 500000 1
1713646524465361 1 0 0 1 1 1 0 0 0 0 0 0 11 4 4 0 128 117 113 0 0 0 350556 49370 0 5651 19293 355557 504565865 2622216 1114 1777469143 1777469143 0 28655559 0 1.000000 3252 3252 162600000 406500000 947 3458 4 200000 500000 4 200000 500000 4 200000 500000 4 200000 500000 1
1713646526470918 1 0 0 1 1 1 0 0 0 0 0 0 10 4 4 0 128 118 114 0 0 0 353905 49833 0 5705 19440 355594 506567373 2622243 1126 1788180902 1788180902 0 28696940 0 1.000000 3253 3253 162650000 406625000 1494 3267 4 200000 500000 4 200000 500000 4 200000 500000 4 200000 500000 1
1713646527577896 1 0 0 1 1 1 0 0 0 0 0 0 9 4 4 0 128 119 115 0 0 0 355742 50124 0 5736 19532 355624 507672012 2622304 1132 1791311671 1791311671 0 28699824 0 1.000000 3271 3271 163550000 408875000 4925 3429 4 200000 500000 4 200000 500000 4 200000 500000 4 200000 500000 1
1713646527592664 1 0 0 1 1 1 0 0 0 0 0 0 8 4 4 0 128 120 116 0 0 0 357362 50448 0 5789 19621 355649 507684657 2622346 1141 1794436739 1794436739 0 28741205 0 1.000000 3269 3269 163450000 408625000 1538 3246 4 200000 500000 4 200000 500000 4 200000 500000 4 200000 500000 1
1713646530409493 1 0 0 1 1 1 0 0 0 0 0 0 7 4 4 0 128 121 117 0 0 0 358881 50836 0 5837 19754 355692 510499358 2622366 1153 1797265663 1797265663 0 28795256 0 1.000000 3216 3216 160800000 402000000 603 2989 4 200000 500000 4 200000 500000 4 200000 500000 4 200000 500000 1
1713646531565723 1 0 0 1 1 1 0 0 0 0 0 0 7 4 4 0 129 122 118 0 0 0 360777 51242 0 5887 19874 355729 511649920 2625546 1163 1802357688 1802357688 0 28836637 0 1.000000 3164 3164 158200000 395500000 965 2792 4 200000 500000 4 200000 500000 4 200000 500000 4 200000 500000 1
1713646532204541 1 0 0 1 1 1 0 0 0 0 0 0 6 4 4 0 129 123 119 0 0 0 362030 51699 0 5936 20023 355755 512286777 2625597 1171 1806967495 1806967495 0 28839521 0 1.000000 3146 3146 157300000 393250000 1276 2645 4 200000 500000 4 200000 500000 4 200000 500000 4 200000 500000 1
1713646533982375 1 0 0 1 1 1 0 0 0 0 0 0 5 4 4 0 129 124 120 0 0 0 363334 51994 0 5969 20124 355787 514062822 2625623 1178 1810538298 1810538298 0 28880902 0 1.000000 3148 3148 157400000 393500000 2014 2584 4 200000 500000 4 200000 500000 4 200000 500000 4 200000 500000 1
1713646534166242 1 0 0 1 1 1 0 0 0 0 0 0 6 4 4 0 131 125 121 0 0 0 364811 52355 0 6024 20242 355816 514235161 2635143 1189 1812497832 1812497832 0 28922283 0 1.000000 3166 3166 158300000 395750000 1734 2502 4 200000 500000 4 200000 500000 4 200000 500000 4 200000 500000 1
1713646536695437 1 0 0 1 1 1 0 0 0 0 0 0 5 4 4 0 131 126 122 0 0 0 366433 52887 0 6065 20397 355858 516761940 2635180 1195 1815207588 1815207588 0 28925167 0 1.000000 3169 3169 158450000 396125000 1086 2365 4 200000 500000 4 200000 500000 4 200000 500000 4 200000 500000 1
1713646537719724 1 0 0 1 1 1 0 0 0 0 0 0 4 4 4 0 131 127 123 0 0 0 367939 53342 0 6123 20569 355893 517783978 2635237 1207 1818758821 1818758821 0 28966548 0 1.000000 3163 3163 158150000 395375000 904 2223 4 200000 500000 4 200000 500000 4 200000 500000 4 200000 500000 1
1713646539183684 1 0 0 1 1 1 0 0 0 0 0 0 4 4 4 0 132 128 124 0 0 0 369388 53862 0 6171 20692 355928 519242781 2638238 1219 1821244831 1821244831 0 28968268 0 1.000000 3183 3183 159150000 397875000 1718 2174 4 200000 500000 4 200000 500000 4 200000 500000 4 200000 500000 1
1713646539329056 1 0 0 1 1 1 0 0 0 0 0 0 3 4 4 0 132 129 125 0 0 0 370772 54198 0 6217 20803 355961 519386220 2638282 1231 1821388050 1821388050 0 28969988 0 1.000000 3144 3144 157200000 393000000 1145 2075 4 200000 500000 4 200000 500000 4 200000 500000 4 200000 500000 1
1713646539470464 1 0 0 1 1 1 0 0 0 0 0 0 2 4 4 0 132 130 126 0 0 0 371934 54510 0 6262 20945 355986 519525942 2638304 1241 1821527515 1821527515 0 28972872 0 1.000000 3076 3076 153800000 384500000 72 1880 4 200000 500000 4 200000 500000 4 200000 500000 4 200000 500000 1
1713646540814367 1 0 0 1 1 1 0 0 0 0 0 0 1 4 4 0 132 131 127 0 0 0 373218 54935 0 6331 21044 356018 520867959 2638327 1251 1824619737 1824619737 0 28975756 0 1.000000 3062 3062 153100000 382750000 70 1704 4 200000 500000 4 200000 500000 4 200000 500000 4 200000 500000 1
1713646541705736 1 0 0 1 1 1 0 0 0 0 0 0 1 4 4 0 133 132 128 0 0 0 374643 55311 0 6369 21148 356041 521750623 2645079 1257 1826852103 1826852103 0 28976523 0 1.000000 3067 3067 153350000 383375000 1274 1663 4 200000 500000 4 200000 500000 4 200000 500000 4 200000 500000 1
1713646543234864 1 0 0 1 1 1 0 0 0 0 0 0 1 4 4 0 134 133 129 0 0 0 375750 55573 0 6401 21237 356071 523274867 2648445 1265 1829270984 1829270984 0 28978243 0 1.000000 3031 3031 151550000 378875000 870 1587 4 200000 500000 4 200000 500000 4 200000 500000 4 200000 500000 1
1713646543451732 1 0 0 1 1 1 0 0 0 0 0 0 1 4 4 0 135 134 130 0 0 0 376716 55804 0 6433 21297 356092 523487075 2651802 1274 1829486293 1829486293 0 28979963 0 1.000000 3096 3096 154800000 387000000 1433 1573 4 200000 500000 4 200000 500000 4 200000 500000 4 200000 500000 1
1713646543724149 1 0 0 1 1 1 0 0 0 0 0 0 0 4 4 0 135 135 131 0 0 0 377992 56120 0 6480 21393 356113 523757726 2651834 1284 1829756704 1829756704 0 28981683 0 1.000000 2959 2959 147950000 369875000 136 1434 4 200000 500000 4 200000 500000 4 200000 500000 4 200000 500000 1
1713646543991452 1 0 0 1 1 1 0 0 0 0 0 0 0 3 3 0 135 135 132 0 0 0 377994 56455 0 6536 21467 356146 524024526 2651858 1284 1830023267 1830023267 0 28981683 0 1.000000 2891 2891 144550000 361375000 172 1312 4 200000 500000 3 150000 375000 4 200000 500000 4 200000 500000 1
1713646544515124 1 0 0 1 1 1 0 0 0 0 0 0 0 3 3 0 136 136 133 0 0 0 379454 56969 0 6564 21569 356165 524542093 2655839 1305 1832830109 1832830109 0 28983212 0 1.000000 2664 2664 133200000 333000000 147 1199 4 200000 500000 3 150000 375000 4 200000 500000 4 200000 500000 1
1713646544647526 1 0 0 1 1 1 0 0 0 0 0 0 0 2 2 0 136 136 134 0 0 0 379454 64797 0 14181 21645 356182 524666516 2655875 1305 1832954748 1832954748 0 28983212 996 1.000000 2523 2523 126150000 315375000 729 1154 4 200000 500000 2 100000 250000 4 200000 500000 4 200000 500000 1
1713646553536863 1 0 0 1 1 1 0 0 0 0 0 0 0 2 1 1 136 136 134 0 0 0 379456 64822 0 14181 21819 356233 533554530 2656574 1305 1854924911 1832954748 0 28983212 996 1.000000 2145 2145 107250000 268125000 13 1097 4 200000 500000 2 100000 250000 4 200000 500000 4 200000 500000 1
1713646553537119 1 0 0 1 1 1 0 0 0 0 0 0 0 1 1 0 136 136 135 0 0 0 379456 65383 0 14232 21819 356262 533554530 2656574 1305 1854924911 1854924911 0 28983212 996 1.000000 2145 2145 107250000 268125000 13 992 4 200000 500000 1 50000 125000 4 200000 500000 4 200000 500000 1
1713646554678245 1 0 0 1 1 1 0 0 0 0 0 0 0 1 1 0 137 137 136 0 0 0 380664 65655 0 14266 21893 356295 534688898 2661717 1330 1855057140 1855057140 0 28984932 996 1.000000 2165 2165 108250000 270625000 7889 1665 4 200000 500000 1 50000 125000 4 200000 500000 4 200000 500000 1
1713646555819158 1 0 0 1 1 1 0 0 0 0 0 0 0 1 1 0 138 138 137 0 0 0 381739 72991 0 21359 21983 356321 535817219 2665753 1351 1855184144 1855184144 0 28986461 1992 1.000000 2183 2183 109150000 272875000 54 1509 4 200000 500000 1 50000 125000 4 200000 500000 4 200000 500000 1
1713646572216901 1 0 0 1 1 1 0 0 0 0 0 0 0 1 0 1 138 138 137 0 0 0 381745 73043 0 21359 22206 404766 552164548 2667179 1351 2012958791 1855184144 0 28986461 1992 1.000000 1999 1999 99950000 249875000 15 1364 4 200000 500000 1 50000 125000 4 200000 500000 4 200000 500000 1
1713646572217192 1 0 1 0 1 1 0 0 0 0 0 0 0 0 0 0 138 138 138 0 0 0 381745 73503 0 21409 22207 404797 552164548 2667179 1351 2012958791 2012958791 0 28986461 1992 1.000000 1999 1999 99950000 249875000 15 1233 4 200000 500000 0 0 0 4 200000 500000 4 200000 500000 1
1713646574154200 1 0 1 0 1 1 0 0 0 0 0 0 0 0 0 0 139 139 139 0 0 0 382944 73878 0 21459 22337 404846 554094628 2672286 1361 2014888424 2014888424 0 28987228 1992 1.000000 3043 3043 152150000 380375000 39267 4942 4 200000 500000 0 0 0 4 200000 500000 4 200000 500000 1
1713646576048566 1 0 1 0 1 1 0 0 0 0 0 0 0 0 0 0 140 140 140 0 0 0 383877 81278 0 28594 22499 404893 555976650 2676048 1368 2016769288 2016769288 0 28987800 2108 1.000000 3040 3040 152000000 380000000 957 4554 4 200000 500000 0 0 0 4 200000 500000 4 200000 500000 1
1713646576347820 0 0 0 0 0 1 1 1 0 0 0 0 0 0 0 0 140 140 140 0 0 0 383877 81278 0 28594 22499 404893 555976650 2676048 1368 2016769288 2016769288 0 28987800 2108 1.000000 2801 2801 140050000 350125000 197 4130 0 0 0 0 0 0 0 0 0 0 0 0 0
