# timestamp workers_connected workers_init workers_idle workers_busy workers_able workers_joined workers_removed workers_released workers_idled_out workers_blocked workers_fast_aborted workers_lost tasks_waiting tasks_on_workers tasks_running tasks_with_results tasks_submitted tasks_dispatched tasks_done tasks_failed tasks_cancelled tasks_exhausted_attempts time_send time_receive time_send_good time_receive_good time_status_msgs time_internal time_polling time_application time_execute time_execute_good time_execute_exhaustion bytes_sent bytes_received bandwidth capacity_tasks capacity_cores capacity_memory capacity_disk capacity_instantaneous capacity_weighted manager_load total_cores total_memory total_disk committed_cores committed_memory committed_disk max_cores max_memory max_disk min_cores min_memory min_disk
1713205371190879 0 0 0 0 0 0 0 0 0 0 0 0 0 0 0 0 0 0 0 0 0 0 0 0 0 0 0 0 0 0 0 0 0 0 0 1.000000 10 10 5120 10240 10 10 0.000000 0 0 0 0 0 0 0 0 0 0 0 0
1713205393414475 0 0 0 0 0 0 0 0 0 0 0 0 50 0 0 0 50 0 0 0 0 0 2902 220 0 0 39 45380 19748622 2209945 0 0 0 0 0 1.000000 10 10 5120 10240 10 10 0.469099 0 0 0 0 0 0 0 0 0 0 0 0
# timestamp workers_connected workers_init workers_idle workers_busy workers_able workers_joined workers_removed workers_released workers_idled_out workers_blocked workers_fast_aborted workers_lost tasks_waiting tasks_on_workers tasks_running tasks_with_results tasks_submitted tasks_dispatched tasks_done tasks_failed tasks_cancelled tasks_exhausted_attempts time_send time_receive time_send_good time_receive_good time_status_msgs time_internal time_polling time_application time_execute time_execute_good time_execute_exhaustion bytes_sent bytes_received bandwidth capacity_tasks capacity_cores capacity_memory capacity_disk capacity_instantaneous capacity_weighted manager_load total_cores total_memory total_disk committed_cores committed_memory committed_disk max_cores max_memory max_disk min_cores min_memory min_disk
1713205438618491 0 0 0 0 0 0 0 0 0 0 0 0 0 0 0 0 0 0 0 0 0 0 0 0 0 0 0 0 0 0 0 0 0 0 0 1.000000 10 10 5120 10240 10 10 0.000000 0 0 0 0 0 0 0 0 0 0 0 0
1713205453133301 1 0 0 1 1 1 0 0 0 0 0 0 49 1 0 0 50 0 0 0 0 0 4022 93 0 0 856 65181 12121416 2392600 0 0 0 535545 0 1.000000 10 10 5120 10240 10 10 0.453348 4 200000 500000 0 0 0 4 200000 500000 0 0 0
1713205472757935 1 0 0 1 1 1 0 0 0 0 0 0 46 4 4 1 50 4 0 0 0 0 25270 209 0 0 938 65399 31724685 2392761 19622442 0 0 2132743 0 1.000000 10 10 5120 10240 10 10 0.501094 4 200000 500000 4 200000 500000 4 200000 500000 0 0 0
1713205477946993 1 0 0 1 1 1 0 0 0 0 0 0 46 4 4 0 51 5 1 0 0 0 30904 143729 0 143429 1382 65493 36757368 2399691 19622442 19622442 0 2658852 108880560 1.000000 10 10 5120 10240 10 10 0.506440 4 200000 500000 4 200000 500000 4 200000 500000 0 0 0
1713205484609896 1 0 0 1 1 1 0 0 0 0 0 0 46 4 4 0 52 6 2 0 0 0 37514 370680 0 370277 2149 65602 43180000 2405440 45829221 45829221 0 3194396 326602172 1.000000 136 136 6800000 17000000 136 23 0.509067 4 200000 500000 4 200000 500000 4 200000 500000 0 0 0
1713205491194694 1 0 0 1 1 1 0 0 0 0 0 0 46 4 4 1 52 6 2 0 0 0 42765 370714 0 370277 2157 65665 49758519 2406007 83885500 45829221 0 3194396 326602172 1.000000 123 123 6150000 15375000 115 28 0.510792 4 200000 500000 4 200000 500000 4 200000 500000 0 0 0
1713205496683001 1 0 0 1 1 1 0 0 0 0 0 0 46 4 4 0 53 7 3 0 0 0 49014 776547 0 776008 2602 65766 54829041 2411374 83885500 83885500 0 3729940 759465245 1.000000 123 123 6150000 15375000 115 38 0.510709 4 200000 500000 4 200000 500000 4 200000 500000 0 0 0
1713205504686613 1 0 0 1 1 1 0 0 0 0 0 0 46 4 4 0 54 8 4 0 0 0 57200 870620 0 869970 2967 105426 62684355 2417246 103806620 103806620 0 4265484 868459426 1.000000 115 115 5750000 14375000 166 51 0.510844 4 200000 500000 4 200000 500000 4 200000 500000 0 0 0
1713205514198027 1 0 0 1 1 1 0 0 0 0 0 0 45 4 4 0 54 9 5 0 0 0 67586 872760 0 871993 5117 105542 72179826 2418293 140048694 140048694 0 4801029 868478232 1.000000 115 115 5750000 14375000 166 63 0.511024 4 200000 500000 4 200000 500000 4 200000 500000 0 0 0
1713205537820390 1 0 0 1 1 1 0 0 0 0 0 0 45 4 4 1 54 9 5 0 0 0 91452 872919 0 871993 5157 105884 95776653 2418946 178232542 140048694 0 4801029 868478232 1.000000 150 150 7500000 18750000 1105 116 0.512651 4 200000 500000 4 200000 500000 4 200000 500000 0 0 0
1713205547624908 1 0 0 1 1 1 0 0 0 0 0 0 44 4 4 0 56 12 8 0 0 0 103819 1344765 0 1343585 6737 106096 105081005 2433452 298819364 298819364 0 6388790 1412404948 934.061917 215 215 10750000 26875000 13127 855 0.510279 4 200000 500000 4 200000 500000 4 200000 500000 0 0 0
1713205561856962 1 0 0 1 1 1 0 0 0 0 0 0 44 4 4 1 56 12 8 0 0 0 116967 1344847 0 1343585 6753 142490 119262543 2434017 322525238 298819364 0 6388790 1412404948 925.608284 209 209 10450000 26125000 170 789 0.512216 4 200000 500000 4 200000 500000 4 200000 500000 0 0 0
1713205566870655 1 0 0 1 1 1 0 0 0 0 0 0 44 4 4 0 57 13 9 0 0 0 122325 1345735 0 1344385 7096 142595 124268608 2435158 322525238 322525238 0 6914898 1412423754 922.024181 209 209 10450000 26125000 170 730 0.511335 4 200000 500000 4 200000 500000 4 200000 500000 0 0 0
1713205577950075 2 0 0 2 2 2 0 0 0 0 0 0 43 5 4 0 57 13 9 0 0 0 140558 1345819 0 1344385 7577 142766 135327557 2435701 322525238 322525238 0 7450443 1412423754 911.005454 218 218 10900000 27250000 537 721 0.487082 8 400000 1000000 4 200000 500000 4 200000 500000 0 0 0
1713205583310545 2 0 0 2 2 2 0 0 0 0 0 0 40 8 8 1 57 17 9 0 0 0 152229 1345858 0 1344385 7652 142833 140676683 2435730 343974057 322525238 0 9047639 1412423754 904.901223 218 218 10900000 27250000 537 712 0.475002 8 400000 1000000 8 400000 1000000 4 200000 500000 0 0 0
1713205588514163 2 0 0 2 2 2 0 0 0 0 0 0 39 8 8 0 57 18 10 0 0 0 347587 1346924 0 1345365 8116 142922 145683525 2435802 343974057 343974057 0 227213991 1412442560 922.802118 218 218 10900000 27250000 537 696 0.494956 8 400000 1000000 8 400000 1000000 4 200000 500000 0 0 0
1713205594600240 2 0 0 2 2 2 0 0 0 0 0 0 40 8 8 0 59 19 11 0 0 0 358638 1354849 0 1353195 8502 143010 151744009 2441857 350016429 350016429 0 227749535 1420388501 917.303087 232 232 11600000 29000000 5746 1189 0.504505 8 400000 1000000 8 400000 1000000 4 200000 500000 0 0 0
1713205602413057 2 0 0 2 2 2 0 0 0 0 0 0 39 8 8 0 60 21 13 0 0 0 373401 1454307 0 1452483 9203 143146 159435333 2448194 388177198 388177198 0 228801751 1529138362 917.270338 219 219 10950000 27375000 3196 1183 0.508514 8 400000 1000000 8 400000 1000000 4 200000 500000 0 0 0
1713205609497503 2 0 0 2 2 2 0 0 0 0 0 0 39 8 8 0 61 22 14 0 0 0 790767 1648690 0 1646761 9596 143251 165901850 2453794 414097820 414097820 0 661719473 1745807964 941.191865 218 218 10900000 27250000 193 1087 0.509891 8 400000 1000000 8 400000 1000000 4 200000 500000 0 0 0
1713205614912166 2 0 0 2 2 2 0 0 0 0 0 0 40 8 8 1 64 24 16 0 0 0 1030769 1966506 0 1964417 10260 143378 170747175 2464170 456569128 451781213 0 880031279 2086621312 943.930864 195 195 9750000 24375000 103 951 0.509426 8 400000 1000000 8 400000 1000000 4 200000 500000 0 0 0
1713205620710557 2 0 0 2 2 2 0 0 0 0 0 0 40 8 8 0 66 26 18 0 0 0 1361655 1975385 0 1973155 10961 143505 176200482 2468838 474536469 474536469 0 1205722765 2094533301 943.162038 154 154 7700000 19250000 20 819 0.509607 8 400000 1000000 8 400000 1000000 4 200000 500000 0 0 0
1713205630546202 2 0 0 2 2 2 0 0 0 0 0 0 39 8 8 0 69 30 22 0 0 0 1416032 2364432 0 2361819 12621 182033 185540037 2481201 545168227 545168227 0 1215207189 2432460825 920.174693 145 145 7250000 18125000 88 1097 0.508235 8 400000 1000000 8 400000 1000000 4 200000 500000 0 0 0
1713205636064802 2 0 0 2 2 2 0 0 0 0 0 0 39 8 8 1 69 30 22 0 0 0 1423670 2364468 0 2361819 12623 182083 191050216 2481577 638618713 545168227 0 1215207189 2432460825 918.310605 134 134 6700000 16750000 12 1043 0.510075 8 400000 1000000 8 400000 1000000 4 200000 500000 0 0 0
1713205643151650 2 0 0 2 2 2 0 0 0 0 0 0 39 8 8 1 71 32 24 0 0 0 1434269 3758030 0 3755123 13313 182208 196718628 2494982 686615132 665983993 0 1216278280 3737100985 909.791710 121 121 6050000 15125000 76 900 0.509492 8 400000 1000000 8 400000 1000000 4 200000 500000 0 0 0
1713205648286119 2 0 0 2 2 2 0 0 0 0 0 0 39 8 8 0 72 33 25 0 0 0 1443998 3857904 0 3854898 13771 182295 201737546 2500653 686615132 686615132 0 1216813825 3845395276 910.559796 120 120 6000000 15000000 102 824 0.510137 8 400000 1000000 8 400000 1000000 4 200000 500000 0 0 0
1713205657782572 2 0 0 2 2 2 0 0 0 0 0 0 38 8 8 0 72 34 26 0 0 0 1755314 3859182 0 3856034 14154 182412 210920247 2501217 713589760 713589760 0 1553749863 3845414082 917.098166 121 121 6050000 15125000 203 764 0.510818 8 400000 1000000 8 400000 1000000 4 200000 500000 0 0 0
1713205666880099 2 0 0 2 2 2 0 0 0 0 0 0 37 8 8 0 73 36 28 0 0 0 1771056 3977434 0 3974112 14895 182533 219876856 2507172 738450798 738450798 0 1554802078 3953786866 913.874739 121 121 6050000 15125000 22 1151 0.510395 8 400000 1000000 8 400000 1000000 4 200000 500000 0 0 0
1713205675659426 2 0 0 2 2 2 0 0 0 0 0 0 37 8 8 0 74 37 29 0 0 0 1785540 4292170 0 4288729 15291 182635 228320850 2512694 770486099 770486099 0 1555328186 4280251281 915.680784 121 121 6050000 15125000 140 1053 0.510817 8 400000 1000000 8 400000 1000000 4 200000 500000 0 0 0
# timestamp workers_connected workers_init workers_idle workers_busy workers_able workers_joined workers_removed workers_released workers_idled_out workers_blocked workers_fast_aborted workers_lost tasks_waiting tasks_on_workers tasks_running tasks_with_results tasks_submitted tasks_dispatched tasks_done tasks_failed tasks_cancelled tasks_exhausted_attempts time_send time_receive time_send_good time_receive_good time_status_msgs time_internal time_polling time_application time_execute time_execute_good time_execute_exhaustion bytes_sent bytes_received bandwidth capacity_tasks capacity_cores capacity_memory capacity_disk capacity_instantaneous capacity_weighted manager_load total_cores total_memory total_disk committed_cores committed_memory committed_disk max_cores max_memory max_disk min_cores min_memory min_disk
1713219172562081 0 0 0 0 0 0 0 0 0 0 0 0 0 0 0 0 0 0 0 0 0 0 0 0 0 0 0 0 0 0 0 0 0 0 0 1.000000 10 10 5120 10240 10 10 0.000000 0 0 0 0 0 0 0 0 0 0 0 0
1713219405629901 1 0 0 1 1 1 0 0 0 0 0 0 49 1 0 0 50 0 0 0 0 0 26927 1553 0 0 654 340960 230923523 1774301 0 0 0 526108 0 1.000000 10 10 5120 10240 10 10 0.487179 4 200000 500000 0 0 0 4 200000 500000 0 0 0
1713219427764551 1 0 0 1 1 1 0 0 0 0 0 0 46 4 4 1 50 4 0 0 0 0 47320 1729 0 0 753 377720 253001324 1774471 22127936 0 0 2104431 0 1.000000 10 10 5120 10240 10 10 0.505501 4 200000 500000 4 200000 500000 4 200000 500000 0 0 0
1713219432778297 1 0 0 1 1 1 0 0 0 0 0 0 45 4 4 0 50 5 1 0 0 0 51761 2662 0 847 1278 377798 258009156 1774733 22127936 22127936 0 2639975 18806 1.000000 10 10 5120 10240 10 10 0.508380 4 200000 500000 4 200000 500000 4 200000 500000 0 0 0
1713219442478145 1 0 0 1 1 1 0 0 0 0 0 0 43 4 4 0 50 7 3 0 0 0 61167 4539 0 2559 2100 377954 267695409 1775950 85377200 85377200 0 3701628 56418 1.000000 4821 4821 241050000 602625000 6213 660 0.509752 4 200000 500000 4 200000 500000 4 200000 500000 0 0 0
1713219460553791 1 0 0 1 1 1 0 0 0 0 0 0 43 4 4 1 50 7 3 0 0 0 74813 4646 0 2559 2126 378136 285756032 1776611 108878127 85377200 0 3701628 56418 1.000000 5907 5907 295350000 738375000 9512 1103 0.512336 4 200000 500000 4 200000 500000 4 200000 500000 0 0 0
1713219465680593 1 0 0 1 1 1 0 0 0 0 0 0 43 4 4 0 51 8 4 0 0 0 80004 100619 0 98437 2586 378213 290774995 1783017 108878127 108878127 0 4227736 108936844 1.000000 5907 5907 295350000 738375000 9512 1924 0.511388 4 200000 500000 4 200000 500000 4 200000 500000 0 0 0
1713219473067551 1 0 0 1 1 1 0 0 0 0 0 0 42 4 4 0 51 9 5 0 0 0 86625 101679 0 99396 3043 378315 298152983 1783619 139461548 139461548 0 4753843 108955650 1.000000 965 965 48250000 120625000 239 1760 0.511088 4 200000 500000 4 200000 500000 4 200000 500000 0 0 0
1713219483733512 1 0 0 1 1 1 0 0 0 0 0 0 42 4 4 1 51 9 5 0 0 0 102105 101744 0 99396 3066 425611 308754792 1784314 162523004 139461548 0 4753843 108955650 1.000000 1200 1200 60000000 150000000 9049 2472 0.512199 4 200000 500000 4 200000 500000 4 200000 500000 0 0 0
1713219492817277 1 0 0 1 1 1 0 0 0 0 0 0 40 4 4 0 51 11 7 0 0 0 111666 103639 0 101139 4142 425736 317825323 1785338 182270321 182270321 0 5815497 108993262 1.000000 1221 1221 61050000 152625000 1367 3027 0.510873 4 200000 500000 4 200000 500000 4 200000 500000 0 0 0
1713219530528649 1 0 0 1 1 1 0 0 0 0 0 0 40 4 4 1 51 11 7 0 0 0 140499 103895 0 101139 4380 426132 355505723 1786073 224990347 182270321 0 5815497 108993262 1.000000 1334 1334 66700000 166750000 5498 3151 0.512785 4 200000 500000 4 200000 500000 4 200000 500000 0 0 0
1713219537930755 1 0 0 1 1 1 0 0 0 0 0 0 39 4 4 0 52 13 9 0 0 0 147559 444057 0 441111 5322 463331 362514080 1794705 274134505 274134505 0 6886588 435476349 1.000000 569 569 28450000 71125000 13690 3743 0.510782 4 200000 500000 4 200000 500000 4 200000 500000 0 0 0
1713219559470872 1 0 0 1 1 1 0 0 0 0 0 0 39 4 4 1 52 13 9 0 0 0 162911 444185 0 441111 5349 463543 384037266 1795464 300719938 274134505 0 6886588 435476349 1.000000 569 569 28450000 71125000 13690 4241 0.512584 4 200000 500000 4 200000 500000 4 200000 500000 0 0 0
1713219564626929 1 0 0 1 1 1 0 0 0 0 0 0 39 4 4 0 53 14 10 0 0 0 167176 571848 0 568665 5875 463635 389054339 1802208 300719938 300719938 0 7422132 543770506 1.000000 569 569 28450000 71125000 13690 5163 0.511497 4 200000 500000 4 200000 500000 4 200000 500000 0 0 0
1713219570834783 1 0 0 1 1 1 0 0 0 0 0 0 39 4 4 0 54 15 11 0 0 0 173036 788980 0 785695 6271 463730 395032772 1808039 335376007 335376007 0 7957677 760774241 1.000000 492 492 24600000 61500000 205 4681 0.511019 4 200000 500000 4 200000 500000 4 200000 500000 0 0 0
1713219585031377 1 0 0 1 1 1 0 0 0 0 0 0 39 4 4 1 54 15 11 0 0 0 182419 789067 0 785695 6291 463858 409218826 1808649 492636875 335376007 0 7957677 760774241 1.000000 386 386 19300000 48250000 135 4454 0.512392 4 200000 500000 4 200000 500000 4 200000 500000 0 0 0
1713219591068388 1 0 0 1 1 1 0 0 0 0 0 0 39 4 4 0 55 16 12 0 0 0 187624 2578949 0 2575476 6658 463936 413455296 1813833 492636875 492636875 0 8483785 2605026391 900.911536 386 386 19300000 48250000 135 4034 0.511261 4 200000 500000 4 200000 500000 4 200000 500000 0 0 0
1713219619368496 1 0 0 1 1 1 0 0 0 0 0 0 39 4 4 1 55 16 12 0 0 0 208684 2579094 0 2575476 6697 502423 441694598 1814546 546180988 492636875 0 8483785 2605026391 894.058828 185 185 9250000 23125000 88 3650 0.512732 4 200000 500000 4 200000 500000 4 200000 500000 0 0 0
1713219624842736 1 0 0 1 1 1 0 0 0 0 0 0 39 4 4 0 56 17 13 0 0 0 213592 2975204 0 2971473 7085 502522 446760861 1821230 546180988 546180988 0 9019329 3037889330 911.240021 185 185 9250000 23125000 88 3303 0.511562 4 200000 500000 4 200000 500000 4 200000 500000 0 0 0
1713219664926272 1 0 0 1 1 1 0 0 0 0 0 0 39 4 4 1 56 17 13 0 0 0 247424 2975514 0 2971473 7300 543631 486767595 1822078 591273227 546180988 0 9019329 3037889330 901.586854 177 177 8850000 22125000 127 2995 0.512802 4 200000 500000 4 200000 500000 4 200000 500000 0 0 0
1713219670386754 1 0 0 1 1 1 0 0 0 0 0 0 39 4 4 0 57 18 14 0 0 0 252792 3362117 0 3357966 7837 543724 491828761 1829138 591273227 591273227 0 9545438 3364004094 889.999594 177 177 8850000 22125000 127 2716 0.511593 4 200000 500000 4 200000 500000 4 200000 500000 0 0 0
1713219679558511 1 0 0 1 1 1 0 0 0 0 0 0 39 4 4 1 57 18 14 0 0 0 259203 3362194 0 3357966 7850 543822 500992887 1829737 683771718 591273227 0 9545438 3364004094 888.405094 168 168 8400000 21000000 101 2586 0.512333 4 200000 500000 4 200000 500000 4 200000 500000 0 0 0
1713219684572997 1 0 0 1 1 1 0 0 0 0 0 0 38 4 4 0 57 19 15 0 0 0 264850 3363291 0 3358985 8380 543908 506000238 1829824 683771718 683771718 0 10080983 3364022900 886.899438 168 168 8400000 21000000 101 2344 0.511387 4 200000 500000 4 200000 500000 4 200000 500000 0 0 0
1713219709099439 1 0 0 1 1 1 0 0 0 0 0 0 38 4 4 1 57 19 15 0 0 0 282777 3363447 0 3358985 8418 544165 530507091 1830621 727494408 683771718 0 10080983 3364022900 882.500969 182 182 9100000 22750000 395 2247 0.512698 4 200000 500000 4 200000 500000 4 200000 500000 0 0 0
1713219714469813 1 0 0 1 1 1 0 0 0 0 0 0 37 4 4 0 57 20 16 0 0 0 639100 3364524 0 3359982 8899 544262 535519521 1830699 727494408 727494408 0 336250396 3364041706 881.419819 182 182 9100000 22750000 395 2067 0.511548 4 200000 500000 4 200000 500000 4 200000 500000 0 0 0
1713219721820796 1 0 0 1 1 1 0 0 0 0 0 0 38 4 4 0 59 21 17 0 0 0 645110 3376306 0 3371612 9278 580780 542809172 1837198 734783297 734783297 0 336785941 3375921209 880.464357 190 190 9500000 23750000 757 1881 0.511145 4 200000 500000 4 200000 500000 4 200000 500000 0 0 0
1713219760187587 1 0 0 1 1 1 0 0 0 0 0 0 38 4 4 1 59 21 17 0 0 0 675539 3376563 0 3371612 9332 581210 581143220 1838046 1089337682 734783297 0 336785941 3375921209 873.796724 175 175 8750000 21875000 20 1788 0.512787 4 200000 500000 4 200000 500000 4 200000 500000 0 0 0
1713219765202331 1 0 0 1 1 1 0 0 0 0 0 0 37 4 4 0 59 22 18 0 0 0 680630 3377603 0 3372570 10066 581291 586151477 1838134 1089337682 1089337682 0 337312049 3375940015 872.604684 175 175 8750000 21875000 20 1616 0.511586 4 200000 500000 4 200000 500000 4 200000 500000 0 0 0
1713219789900548 1 0 0 1 1 1 0 0 0 0 0 0 37 4 4 1 59 22 18 0 0 0 700740 3377718 0 3372570 10208 619677 610789818 1838788 1199675015 1089337682 0 337312049 3375940015 868.277453 259 259 12950000 32375000 82245 9478 0.512735 4 200000 500000 4 200000 500000 4 200000 500000 0 0 0
1713219795097743 1 0 0 1 1 1 0 0 0 0 0 0 37 4 4 0 60 23 19 0 0 0 705374 4405591 0 4400283 10743 619759 614945511 1847509 1199675015 1199675015 0 337847593 4463296226 895.863609 259 259 12950000 32375000 82245 16574 0.511428 4 200000 500000 4 200000 500000 4 200000 500000 0 0 0
1713219801411047 1 0 0 1 1 1 0 0 0 0 0 0 36 4 4 0 60 24 20 0 0 0 711556 4406509 0 4401112 11123 619845 621250537 1848125 1235880014 1235880014 0 338373700 4463315032 894.722365 230 230 11500000 28750000 107 14969 0.511048 4 200000 500000 4 200000 500000 4 200000 500000 0 0 0
1713219814671783 1 0 0 1 1 1 0 0 0 0 0 0 36 4 4 1 60 24 20 0 0 0 722887 4406580 0 4401112 11139 619978 634498743 1848693 1259461594 1235880014 0 338373700 4463315032 892.733537 236 236 11800000 29500000 7177 14580 0.512353 4 200000 500000 4 200000 500000 4 200000 500000 0 0 0
1713219824172947 1 0 0 1 1 1 0 0 0 0 0 0 35 4 4 0 61 26 22 0 0 0 898966 4509002 0 4503349 12035 620174 643714280 1854977 1263660502 1263660502 0 458605491 4572310095 887.182576 230 230 11500000 28750000 93 13171 0.510907 4 200000 500000 4 200000 500000 4 200000 500000 0 0 0
1713219830387478 1 0 0 1 1 1 0 0 0 0 0 0 36 4 4 0 63 27 23 0 0 0 3157578 4516312 0 4510585 12451 620241 647657164 1860129 1269603770 1269603770 0 2302912290 4576278164 854.912861 229 229 11450000 28625000 123 11900 0.510289 4 200000 500000 4 200000 500000 4 200000 500000 0 0 0
1713219841088255 1 0 0 1 1 1 0 0 0 0 0 0 36 4 4 1 63 27 23 0 0 0 3166680 4516366 0 4510585 12466 659362 658308625 1860718 1314290338 1269603770 0 2302912290 4576278164 853.894048 224 224 11200000 28000000 38 10744 0.511913 4 200000 500000 4 200000 500000 4 200000 500000 0 0 0
1713219846505768 1 0 0 1 1 1 0 0 0 0 0 0 36 4 4 1 65 29 25 0 0 0 3270403 4604792 0 4598862 13847 659492 663526185 1867103 1337021155 1331712031 0 2412487084 4643139249 854.425779 231 231 11550000 28875000 10666 9750 0.509664 4 200000 500000 4 200000 500000 4 200000 500000 0 0 0
1713219851543311 1 0 0 1 1 1 0 0 0 0 0 0 37 4 4 0 67 30 26 0 0 0 3275865 4609536 0 4603534 14256 659579 668549108 1871229 1337021155 1337021155 0 2413013192 4647157476 853.869503 166 166 8300000 20750000 8 8801 0.510212 4 200000 500000 4 200000 500000 4 200000 500000 0 0 0
1713219869756634 1 0 0 1 1 1 0 0 0 0 0 0 37 4 4 1 67 30 26 0 0 0 3289964 4609625 0 4603534 14286 659734 686747131 1871759 1360244675 1337021155 0 2413013192 4647157476 852.335917 164 164 8200000 20500000 48 8364 0.512409 4 200000 500000 4 200000 500000 4 200000 500000 0 0 0
1713219879704046 1 0 0 1 1 1 0 0 0 0 0 0 35 4 4 0 67 32 28 0 0 0 3395966 4611556 0 4605225 15151 659918 696585266 1872299 1365062554 1365062554 0 2480385060 4647177307 848.873493 167 167 8350000 20875000 1188 7236 0.510918 4 200000 500000 4 200000 500000 4 200000 500000 0 0 0
1713219889120649 1 0 0 1 1 1 0 0 0 0 0 0 35 4 4 1 67 32 28 0 0 0 3404242 4611608 0 4605225 15301 660019 705992264 1872953 1408757344 1365062554 0 2480385060 4647177307 847.991563 165 165 8250000 20625000 45 6877 0.512205 4 200000 500000 4 200000 500000 4 200000 500000 0 0 0
1713219894134572 1 0 0 1 1 1 0 0 0 0 0 0 34 4 4 0 67 33 29 0 0 0 3409251 4613262 0 4606805 15738 660092 710999036 1873027 1408757344 1408757344 0 2480911168 4647196113 847.352050 165 165 8250000 20625000 45 6212 0.511330 4 200000 500000 4 200000 500000 4 200000 500000 0 0 0
1713219914051252 1 0 0 1 1 1 0 0 0 0 0 0 34 4 4 1 67 33 29 0 0 0 3423923 4613348 0 4606805 15758 768508 730790935 1873676 1448113155 1408757344 0 2480911168 4647196113 845.796146 160 160 8000000 20000000 83 5615 0.512608 4 200000 500000 4 200000 500000 4 200000 500000 0 0 0
1713219919076067 1 0 0 1 1 1 0 0 0 0 0 0 33 4 4 0 67 34 30 0 0 0 3430560 4615221 0 4608599 16773 768577 735806817 1873818 1448113155 1448113155 0 2484932877 4647214919 845.380476 160 160 8000000 20000000 83 5077 0.511508 4 200000 500000 4 200000 500000 4 200000 500000 0 0 0
1713219924674291 1 0 0 1 1 1 0 0 0 0 0 0 32 4 4 0 67 35 31 0 0 0 3435816 4616013 0 4609309 17127 768650 741397609 1874651 1453707596 1453707596 0 2485468422 4647215944 844.809035 165 165 8250000 20625000 2911 4867 0.511024 4 200000 500000 4 200000 500000 4 200000 500000 0 0 0
1713219932239299 1 0 0 1 1 1 0 0 0 0 0 0 32 4 4 1 67 35 31 0 0 0 3441621 4616043 0 4609309 17134 768710 748955782 1875158 1826328051 1453707596 0 2485468422 4647215944 844.197262 165 165 8250000 20625000 414 4645 0.511944 4 200000 500000 4 200000 500000 4 200000 500000 0 0 0
1713219937800171 1 0 0 1 1 1 0 0 0 0 0 0 32 4 3 0 68 35 32 0 0 0 3441621 8879160 0 8872288 17605 768747 748955786 1883384 1826328051 1826328051 0 2918386010 8941402474 917.991780 165 165 8250000 20625000 414 4233 0.509530 4 200000 500000 3 150000 375000 4 200000 500000 0 0 0
1713219947164581 1 0 0 1 1 1 0 0 0 0 0 0 32 4 4 1 68 36 32 0 0 0 4738563 8879210 0 8872288 17668 768839 758307808 1883935 1835680079 1826328051 0 2918386010 8941402474 830.559863 140 140 7000000 17500000 88 4026 0.511756 4 200000 500000 4 200000 500000 4 200000 500000 0 0 0
1713219952774532 1 0 0 1 1 1 0 0 0 0 0 0 33 4 4 0 70 37 33 0 0 0 5310560 8895378 0 8888362 21877 768923 763324644 1888580 1835680079 1835680079 0 3367002954 8957114529 827.343771 140 140 7000000 17500000 88 3643 0.511133 4 200000 500000 4 200000 500000 4 200000 500000 0 0 0
1713219958364950 1 0 0 1 1 1 0 0 0 0 0 0 32 4 4 1 70 38 34 0 0 0 5313894 8896388 0 8889271 22334 812249 768865875 1889160 1911691839 1901093617 0 3367538499 8957133335 827.128060 132 132 6600000 16500000 17324 3992 0.510501 4 200000 500000 4 200000 500000 4 200000 500000 0 0 0
1713219963562907 1 0 0 1 1 1 0 0 0 0 0 0 31 4 4 0 70 39 35 0 0 0 5496276 8897214 0 8890016 22887 812337 773879711 1889781 1911691839 1911691839 0 3476473574 8957134360 823.817750 132 132 6600000 16500000 17324 5293 0.510580 4 200000 500000 4 200000 500000 4 200000 500000 0 0 0
1713219970109892 1 0 0 1 1 1 0 0 0 0 0 0 32 4 4 0 72 40 36 0 0 0 5502047 8901917 0 8894613 23282 812426 780408971 1896452 1918218209 1918218209 0 3477009119 8961134697 823.519019 128 128 6400000 16000000 19 4780 0.510711 4 200000 500000 4 200000 500000 4 200000 500000 0 0 0
1713219980875803 1 0 0 1 1 1 0 0 0 0 0 0 32 4 4 1 72 40 36 0 0 0 5510474 8901964 0 8894613 23292 812504 791165201 1896875 1979428831 1918218209 0 3477009119 8961134697 823.034819 127 127 6350000 15875000 35 4543 0.512064 4 200000 500000 4 200000 500000 4 200000 500000 0 0 0
1713219986490657 1 0 0 1 1 1 0 0 0 0 0 0 32 4 4 0 73 41 37 0 0 0 5515902 9430327 0 9422876 24064 812586 796240682 1902172 1979428831 1979428831 0 3477544663 9504829925 828.366621 127 127 6350000 15875000 35 4104 0.511269 4 200000 500000 4 200000 500000 4 200000 500000 0 0 0
1713219993547974 1 0 0 1 1 1 0 0 0 0 0 0 32 4 4 0 75 43 39 0 0 0 5522991 9776847 0 9769217 24895 812710 802932344 1913142 2035116038 2035116038 0 3478615752 9830372501 829.580044 126 126 6300000 15750000 153 3538 0.510203 4 200000 500000 4 200000 500000 4 200000 500000 0 0 0
1713220009788395 1 0 0 1 1 1 0 0 0 0 0 0 32 4 4 1 75 43 39 0 0 0 5536268 9776928 0 9769217 25060 812838 819158179 1913704 2063422427 2035116038 0 3478615752 9830372501 828.856385 127 127 6350000 15875000 157 3369 0.512408 4 200000 500000 4 200000 500000 4 200000 500000 0 0 0
1713220019539552 1 0 0 1 1 1 0 0 0 0 0 0 32 4 4 0 77 45 41 0 0 0 5696515 9995255 0 9987379 25854 848907 828483753 1924040 2089092000 2089092000 0 3592196075 10047042019 828.930775 128 128 6400000 16000000 163 2776 0.510918 4 200000 500000 4 200000 500000 4 200000 500000 0 0 0
1713220026257414 1 0 0 1 1 1 0 0 0 0 0 0 31 4 4 0 77 46 42 0 0 0 5706744 9996267 0 9988288 26341 848991 835188916 1924793 2095789274 2095789274 0 3592731620 10047043044 828.369972 128 128 6400000 16000000 163 2522 0.510846 4 200000 500000 4 200000 500000 4 200000 500000 0 0 0
1713220032267454 1 0 0 1 1 1 0 0 0 0 0 0 31 4 4 1 78 47 43 0 0 0 6338032 13188244 0 13180110 26747 849050 837365883 1933795 2451165904 2406179828 0 3705035796 13517196457 841.143522 127 127 6350000 15875000 40 2281 0.509673 4 200000 500000 4 200000 500000 4 200000 500000 0 0 0
1713220040952360 1 0 0 1 1 1 0 0 0 0 0 0 30 4 4 0 80 50 46 0 0 0 6772518 13474120 0 13465712 27920 849240 845322330 1940758 2481283378 2481283378 0 4044143103 13843012370 842.535969 123 123 6150000 15375000 822 1916 0.509559 4 200000 500000 4 200000 500000 4 200000 500000 0 0 0
1713220047408528 1 0 0 1 1 1 0 0 0 0 0 0 29 4 4 0 80 51 47 0 0 0 6780988 13474874 0 13466358 28326 849335 851768143 1941237 2487991272 2487991272 0 4044669211 13843013395 842.177118 120 120 6000000 15000000 8 1731 0.510306 4 200000 500000 4 200000 500000 4 200000 500000 0 0 0
1713220052460747 1 0 0 1 1 1 0 0 0 0 0 0 29 3 3 0 80 51 48 0 0 0 6784563 13474895 0 13667468 28703 849376 856614617 1941759 2519004701 2519004701 0 4044669211 14060297121 852.255840 117 117 5850000 14625000 16 1646 0.511152 4 200000 500000 4 200000 500000 4 200000 500000 0 0 0
1713220060346508 1 0 0 1 1 1 0 0 0 0 0 0 29 4 4 1 81 52 48 0 0 0 7597064 13676163 0 13667468 28738 849499 863681498 1947602 2526075554 2519004701 0 4371188141 14060297121 826.279629 117 117 5850000 14625000 16 1488 0.511229 4 200000 500000 4 200000 500000 4 200000 500000 0 0 0
1713220065886232 1 0 0 1 1 1 0 0 0 0 0 0 30 4 4 1 84 54 50 0 0 0 8159420 13881559 0 13872692 29384 849614 868442484 1957741 2561715415 2556748016 0 4480066800 14290302518 812.160800 114 114 5700000 14250000 9 1291 0.509599 4 200000 500000 4 200000 500000 4 200000 500000 0 0 0
1713220070918612 1 0 0 1 1 1 0 0 0 0 0 0 31 4 4 0 86 55 51 0 0 0 8167225 13886363 0 13877424 29851 849697 873457924 1961786 2561715415 2561715415 0 4480602344 14294263165 811.890883 113 113 5650000 14125000 127 1178 0.510183 4 200000 500000 4 200000 500000 4 200000 500000 0 0 0
1713220079720408 1 0 0 1 1 1 0 0 0 0 0 0 30 4 4 0 86 56 52 0 0 0 8793108 13887937 0 13878896 30279 896791 881583886 1962422 2593351586 2593351586 0 5024352221 14294281971 812.294374 109 109 5450000 13625000 393 1032 0.510748 4 200000 500000 4 200000 500000 4 200000 500000 0 0 0
1713220087734959 1 0 0 1 1 1 0 0 0 0 0 0 31 4 4 0 88 57 53 0 0 0 9380890 13906108 0 13896959 31044 896893 888984830 1969069 2600759952 2600759952 0 5241410605 14314061406 800.856830 109 109 5450000 13625000 393 971 0.510858 4 200000 500000 4 200000 500000 4 200000 500000 0 0 0
1713220093657192 1 0 0 1 1 1 0 0 0 0 0 0 32 4 4 0 90 58 54 0 0 0 9388974 13914521 0 13905284 31420 896970 894885067 1973961 2606607439 2606607439 0 5241936713 14321988865 800.635842 105 105 5250000 13125000 12 879 0.510738 4 200000 500000 4 200000 500000 4 200000 500000 0 0 0
1713220109816649 1 0 0 1 1 1 0 0 0 0 0 0 32 4 4 1 90 58 54 0 0 0 9401925 13914584 0 13905284 31438 897100 911030362 1974555 2650514741 2606607439 0 5241936713 14321988865 800.188971 102 102 5100000 12750000 10 836 0.512417 4 200000 500000 4 200000 500000 4 200000 500000 0 0 0
1713220115215109 1 0 0 1 1 1 0 0 0 0 0 0 32 4 4 0 91 59 55 0 0 0 9478576 14219770 0 14210377 31899 897179 916041500 1979738 2650514741 2650514741 0 5261719630 14647090024 801.174919 102 102 5100000 12750000 10 756 0.511424 4 200000 500000 4 200000 500000 4 200000 500000 0 0 0
1713220122100704 1 0 0 1 1 1 0 0 0 0 0 0 31 4 4 1 92 61 57 0 0 0 9845455 15024838 0 15015229 32591 897315 921747717 1985953 2741779953 2737660059 0 5498590057 15514438522 805.763956 101 101 5050000 12625000 77 666 0.510025 4 200000 500000 4 200000 500000 4 200000 500000 0 0 0
1713220129495809 1 0 0 1 1 1 0 0 0 0 0 0 28 4 4 1 92 64 60 0 0 0 10511790 15032052 0 15022228 34528 897492 928465969 1987146 2758984578 2752262685 0 5953916621 15514441597 801.516931 97 97 4850000 12125000 22 555 0.509733 4 200000 500000 4 200000 500000 4 200000 500000 0 0 0
1713220138038859 1 0 0 1 1 1 0 0 0 0 0 0 25 4 3 0 92 66 63 0 0 0 10529599 15034539 0 15024547 35676 897604 932197849 1988129 2767192201 2767192201 0 7884740088 15514444672 872.910384 94 94 4700000 11750000 195 466 0.506335 4 200000 500000 3 150000 375000 4 200000 500000 0 0 0
1713220143270597 1 0 0 1 1 1 0 0 0 0 0 0 24 4 4 1 92 68 64 0 0 0 15568087 15035461 0 15025203 36023 935928 937139572 1988729 2778579878 2773645024 0 8102078463 15514445697 735.943183 94 94 4700000 11750000 75 412 0.508307 4 200000 500000 4 200000 500000 4 200000 500000 0 0 0
1713220148322723 1 0 0 1 1 1 0 0 0 0 0 0 25 4 4 0 94 69 65 0 0 0 15576148 15043506 0 15033171 36371 936003 942169503 1994602 2778579878 2778579878 0 8102614008 15522322571 735.818087 91 91 4550000 11375000 59 379 0.509615 4 200000 500000 4 200000 500000 4 200000 500000 0 0 0
1713220156518246 1 0 0 1 1 1 0 0 0 0 0 0 25 4 4 1 94 69 65 0 0 0 15583272 15043535 0 15033171 36379 936062 950357011 1994981 2797050334 2778579878 0 8102614008 15522322571 735.646234 88 88 4400000 11000000 19 361 0.511410 4 200000 500000 4 200000 500000 4 200000 500000 0 0 0
1713220180262725 1 0 0 1 1 1 0 0 0 0 0 0 24 4 4 1 94 70 66 0 0 0 15604807 15044458 0 15033940 36945 936262 974077636 1995595 2820269627 2797050334 0 8103140116 15522323596 735.123598 88 88 4400000 11000000 19 328 0.512530 4 200000 500000 4 200000 500000 4 200000 500000 0 0 0
1713220185563631 1 0 0 1 1 1 0 0 0 0 0 0 23 4 4 0 94 71 67 0 0 0 16880082 15045535 0 15034949 37435 936392 978101798 1995668 2820269627 2820269627 0 9190550976 15522342402 738.217579 75 75 3750000 9375000 4 297 0.511328 4 200000 500000 4 200000 500000 4 200000 500000 0 0 0
1713220193212979 1 0 0 1 1 1 0 0 0 0 0 0 23 4 4 1 94 71 67 0 0 0 16885867 15045563 0 15034949 37443 936451 985744096 1996459 2831927141 2820269627 0 9190550976 15522342402 738.083189 62 62 3100000 7750000 45 285 0.512093 4 200000 500000 4 200000 500000 4 200000 500000 0 0 0
1713220198366600 1 0 0 1 1 1 0 0 0 0 0 0 23 4 3 0 96 72 69 0 0 0 17205415 15091867 0 15081028 38276 978759 990349666 2003617 2836390918 2836390918 0 9310782416 15561773149 734.436954 56 56 2800000 7000000 10 238 0.508781 4 200000 500000 3 150000 375000 4 200000 500000 0 0 0
1713220203394015 1 0 0 1 1 1 0 0 0 0 0 0 23 4 4 0 96 73 69 0 0 0 17343044 15091888 0 15081028 38317 978816 995371487 2003617 2836390918 2836390918 0 9310782416 15561773149 731.320091 56 56 2800000 7000000 10 227 0.510851 4 200000 500000 4 200000 500000 4 200000 500000 0 0 0
1713220209167003 1 0 0 1 1 1 0 0 0 0 0 0 22 4 4 0 96 74 70 0 0 0 17353444 15092850 0 15081914 38765 978890 1001131516 2004569 2842144731 2842144731 0 9311308523 15561774174 731.079492 56 56 2800000 7000000 10 207 0.510734 4 200000 500000 4 200000 500000 4 200000 500000 0 0 0
1713220254961454 1 0 0 1 1 1 0 0 0 0 0 0 22 4 4 1 96 74 70 0 0 0 17393340 15093020 0 15081914 38978 979237 1046882955 2005509 3008457304 2842144731 0 9311308523 15561774174 730.177839 55 55 2750000 6875000 39 199 0.512804 4 200000 500000 4 200000 500000 4 200000 500000 0 0 0
1713220295629756 1 0 0 1 1 1 0 0 0 0 0 0 21 4 4 1 96 75 71 0 0 0 17431106 15095216 0 15083889 40453 1018453 1087470495 2006429 3049115428 3008457304 0 9311844068 15561792980 729.296992 61 61 3050000 7625000 2540 302 0.512790 4 200000 500000 4 200000 500000 4 200000 500000 0 0 0
1713220319292225 1 0 0 1 1 1 0 0 0 0 0 0 21 4 4 1 97 76 72 0 0 0 22172678 15301900 0 15290388 41054 1018671 1106176260 2014081 3225094449 3049115428 0 13606085247 15779514485 747.821409 61 61 3050000 7625000 2540 521 0.512496 4 200000 500000 4 200000 500000 4 200000 500000 0 0 0
1713220326337316 1 0 0 1 1 1 0 0 0 0 0 0 21 4 4 1 98 77 73 0 0 0 22411408 17386690 0 17375085 41574 1058835 1110851855 2019360 3229749702 3225094449 0 13613965603 17731323797 751.121258 62 62 3100000 7750000 84 470 0.511311 4 200000 500000 4 200000 500000 4 200000 500000 0 0 0
1713220331353862 1 0 0 1 1 1 0 0 0 0 0 0 20 4 4 0 98 78 74 0 0 0 22416371 17390535 0 17378863 42073 1058902 1115858630 2020058 3229749702 3229749702 0 13613985414 17731324822 750.955558 62 62 3100000 7750000 84 433 0.510937 4 200000 500000 4 200000 500000 4 200000 500000 0 0 0
1713220338166532 1 0 0 1 1 1 0 0 0 0 0 0 20 4 4 0 100 80 76 0 0 0 23366303 17574466 0 17562581 43598 1059034 1121528685 2027024 3267872433 3267872433 0 14481913643 17886844836 753.997894 66 66 3300000 8250000 1586 454 0.509621 4 200000 500000 4 200000 500000 4 200000 500000 0 0 0
1713220345542081 1 0 0 1 1 1 0 0 0 0 0 0 20 4 4 1 100 80 76 0 0 0 23371201 17574485 0 17562581 43607 1059082 1128898224 2027556 3280411565 3267872433 0 14481913643 17886844836 753.907350 57 57 2850000 7125000 7 432 0.511260 4 200000 500000 4 200000 500000 4 200000 500000 0 0 0
1713220354027111 1 0 0 1 1 1 0 0 0 0 0 0 21 4 4 1 102 81 77 0 0 0 23802036 17603422 0 17591416 44202 1059194 1136917914 2032496 3288427467 3280411565 0 14699689797 17918242365 751.274969 57 57 2850000 7125000 7 391 0.511420 4 200000 500000 4 200000 500000 4 200000 500000 0 0 0
1713220361253453 1 0 0 1 1 1 0 0 0 0 0 0 22 4 4 1 105 83 79 0 0 0 24145155 17612822 0 17600676 45051 1059296 1143785068 2037878 3588826260 3581950953 0 14925418455 17926154354 750.268655 55 55 2750000 6875000 19 339 0.510252 4 200000 500000 4 200000 500000 4 200000 500000 0 0 0
1713220366417109 1 0 0 1 1 1 0 0 0 0 0 0 21 4 4 0 105 84 80 0 0 0 25294457 17614096 0 17601888 45868 1059373 1147797449 2038294 3588826260 3588826260 0 15824205407 17926155379 750.126723 62 62 3100000 7750000 8994 1184 0.510217 4 200000 500000 4 200000 500000 4 200000 500000 0 0 0
1713220377103700 1 0 0 1 1 1 0 0 0 0 0 0 21 4 4 1 105 84 80 0 0 0 25303627 17614129 0 17601888 45992 1059450 1158473460 2039049 3603520841 3588826260 0 15824205407 17926155379 749.965871 62 62 3100000 7750000 21 1126 0.512060 4 200000 500000 4 200000 500000 4 200000 500000 0 0 0
1713220382220020 1 0 0 1 1 1 0 0 0 0 0 0 19 4 4 1 105 86 82 0 0 0 25930720 17616329 0 17603886 46851 1099342 1162919294 2039510 3654600046 3649674137 0 16157952803 17926175210 746.437663 58 58 2900000 7250000 48 923 0.509717 4 200000 500000 4 200000 500000 4 200000 500000 0 0 0
1713220388569850 1 0 0 1 1 1 0 0 0 0 0 0 18 4 4 1 107 89 85 0 0 0 28522533 17629922 0 17617296 49813 1099476 1166653813 2046332 3871957121 3840432059 0 18435109324 17938041971 751.599025 62 62 3100000 7750000 8543 1187 0.507658 4 200000 500000 4 200000 500000 4 200000 500000 0 0 0
1713220394096581 1 0 0 1 1 1 0 0 0 0 0 0 20 4 4 1 112 92 88 0 0 0 28844269 17643977 0 17631163 50934 1099607 1171833278 2056516 3886596280 3882063189 0 18770077649 17949912586 753.285284 61 61 3050000 7625000 41 1109 0.507566 4 200000 500000 4 200000 500000 4 200000 500000 0 0 0
1713220399615803 1 0 0 1 1 1 0 0 0 0 0 0 20 4 3 0 116 95 92 0 0 0 29734112 17711160 0 17698069 60478 1099746 1175799653 2066662 3911199947 3911199947 0 20008398195 18024362557 764.478010 59 59 2950000 7375000 42 866 0.504444 4 200000 500000 3 150000 375000 4 200000 500000 0 0 0
1713220405671410 1 0 0 1 1 1 0 0 0 0 0 0 19 4 4 1 116 97 93 0 0 0 30319112 17712230 0 17699039 60974 1099855 1181844145 2067087 3922864643 3916817126 0 20008549805 18024363582 755.153014 51 51 2550000 6375000 7 784 0.507980 4 200000 500000 4 200000 500000 4 200000 500000 0 0 0
1713220411298504 1 0 0 1 1 1 0 0 0 0 0 0 15 4 4 1 116 101 97 0 0 0 30705427 17716454 0 17702923 62634 1100051 1187077253 2068623 3944718812 3939340984 0 20281967463 18024385491 754.447870 49 49 2450000 6125000 84 616 0.506727 4 200000 500000 4 200000 500000 4 200000 500000 0 0 0
1713220417304186 1 0 0 1 1 1 0 0 0 0 0 0 14 4 4 1 118 104 100 0 0 0 31375529 17727480 0 17713753 63979 1100195 1192394862 2074021 3958606643 3952920873 0 20837186887 18032333482 754.920401 48 48 2400000 6000000 497 533 0.507726 4 200000 500000 4 200000 500000 4 200000 500000 0 0 0
1713220424464137 1 0 0 1 1 1 0 0 0 0 0 0 14 4 4 1 121 107 103 0 0 0 34699359 17742407 0 17728425 65833 1100359 1196205394 2082647 3975520613 3971723406 0 24323235348 18044128327 770.467314 49 49 2450000 6125000 621 486 0.505427 4 200000 500000 4 200000 500000 4 200000 500000 0 0 0
1713220432254696 1 0 0 1 1 1 0 0 0 0 0 0 12 4 4 1 123 111 107 0 0 0 35027767 17745549 0 17731299 69389 1100547 1203657915 2085451 3990888361 3987278097 0 24623016951 18044132427 771.044300 47 47 2350000 5875000 101 398 0.507477 4 200000 500000 4 200000 500000 4 200000 500000 0 0 0
1713220437623353 1 0 0 1 1 1 0 0 0 0 0 0 11 4 4 1 124 113 109 0 0 0 37083325 17747226 0 17732853 71033 1100654 1206965324 2087583 3999793228 3996498391 0 26715864713 18044152286 778.516317 47 47 2350000 5875000 154 353 0.507753 4 200000 500000 4 200000 500000 4 200000 500000 0 0 0
1713220442954710 1 0 0 1 1 1 0 0 0 0 0 0 10 4 4 0 124 114 110 0 0 0 39366592 17747880 0 17733444 71589 1137590 1209975199 2088013 3999793228 3999793228 0 27842692596 18044153311 766.199964 48 48 2400000 6000000 35 310 0.508585 4 200000 500000 4 200000 500000 4 200000 500000 0 0 0
1713220449005819 1 0 0 1 1 1 0 0 0 0 0 0 11 4 4 0 126 115 111 0 0 0 40136021 17861416 0 17846890 72109 1137659 1215133938 2096688 4023306397 4023306397 0 28179628500 18169619417 762.138632 48 48 2400000 6000000 35 284 0.509606 4 200000 500000 4 200000 500000 4 200000 500000 0 0 0
1713220454044733 1 0 0 1 1 1 0 0 0 0 0 0 9 4 4 1 126 117 113 0 0 0 40144233 17863818 0 17849175 72961 1137738 1220159357 2097811 4045170751 4044642244 0 28180174359 18169621467 762.008188 42 42 2100000 5250000 11 246 0.508010 4 200000 500000 4 200000 500000 4 200000 500000 0 0 0
1713220460083367 1 0 0 1 1 1 0 0 0 0 0 0 5 4 3 0 126 120 117 0 0 0 40149293 17867598 0 17852603 74867 1137900 1221302588 2099069 4067170924 4067170924 0 32629927660 18169625567 835.036631 46 46 2300000 5750000 92 203 0.504414 4 200000 500000 3 150000 375000 4 200000 500000 0 0 0
1713220468985715 1 0 0 1 1 1 0 0 0 0 0 0 4 4 4 0 127 123 119 0 0 0 45192207 17868931 0 17853788 83366 1138017 1230033641 2101417 4071425606 4071425606 0 32759352142 18169627617 770.199548 39 39 1950000 4875000 1 176 0.508943 4 200000 500000 4 200000 500000 4 200000 500000 0 0 0
1713220474491251 1 0 0 1 1 1 0 0 0 0 0 0 2 4 3 0 127 124 121 0 0 0 45193547 17870765 0 17855462 84166 1138091 1231069337 2102422 4077443206 4077443206 0 36355016594 18169629667 824.535353 34 34 1700000 4250000 34 199 0.505911 4 200000 500000 3 150000 375000 4 200000 500000 0 0 0
1713220481456332 1 0 0 1 1 1 0 0 0 0 0 0 2 4 4 1 128 126 122 0 0 0 49666963 17871679 0 17856276 85486 1138168 1238021033 2104453 4170316925 4166014764 0 36355168204 18169648473 769.913574 33 33 1650000 4125000 16 182 0.509234 4 200000 500000 4 200000 500000 4 200000 500000 0 0 0
1713220489407903 1 0 0 1 1 1 0 0 0 0 0 0 1 4 4 1 130 129 125 0 0 0 49937967 18060019 0 18044406 86788 1138296 1245502840 2113590 4211105289 4207533230 0 36584482963 18387054894 770.977890 33 33 1650000 4125000 1271 1983 0.509702 4 200000 500000 4 200000 500000 4 200000 500000 0 0 0
1713220494571104 1 0 0 1 1 1 0 0 0 0 0 0 1 4 4 1 132 131 127 0 0 0 49972738 18068867 0 18053124 87343 1138364 1250616548 2118783 4219309411 4215849779 0 36592952572 18394986501 770.713525 40 40 2000000 5000000 226 1726 0.509213 4 200000 500000 4 200000 500000 4 200000 500000 0 0 0
1713220500854609 1 0 0 1 1 1 0 0 0 0 0 0 0 3 3 1 133 133 130 0 0 0 50825988 18071454 0 18055534 88458 1138466 1256041085 2120573 4263469672 4258052388 0 36818322861 18394989576 764.259405 25 25 1250000 3125000 8 1414 0.529125 4 200000 500000 3 150000 375000 4 200000 500000 0 0 0
1713220513691670 1 0 0 1 1 1 0 0 0 0 0 0 0 1 1 1 133 133 132 0 0 0 50825991 18073075 0 18057014 89251 1184899 1268827915 2121941 4318155628 4293877101 0 36818322861 18394991626 764.241419 23 23 1150000 2875000 7 1154 0.531499 4 200000 500000 1 50000 125000 4 200000 500000 0 0 0
1713220518845622 1 0 0 1 1 1 0 0 0 0 0 0 0 2 0 0 136 135 134 0 0 0 51062589 18266869 0 18250653 90102 1184978 1273338848 2133715 4322659431 4322659431 0 37267447786 18619504048 768.763411 16 16 800000 2000000 129 998 0.491456 4 200000 500000 1 50000 125000 4 200000 500000 0 0 0
1713220523950503 1 0 0 1 1 1 0 0 0 0 0 0 0 1 1 1 138 138 137 0 0 0 51264527 18269312 0 18252862 91086 1185105 1278434905 2136967 4331775143 4326678741 0 37267464241 18619507123 766.504050 15 15 750000 1875000 88 826 0.524579 4 200000 500000 1 50000 125000 4 200000 500000 0 0 0
1713220526454135 0 0 0 0 0 1 1 1 0 0 0 0 0 0 0 0 140 140 140 0 0 0 51266045 18272405 0 18255653 92107 1185233 1278984207 2138402 4332293911 4332293911 0 37267480696 18619510198 766.453492 15 15 750000 1875000 9 685 0.539859 0 0 0 0 0 0 0 0 0 0 0 0
# timestamp workers_connected workers_init workers_idle workers_busy workers_able workers_joined workers_removed workers_released workers_idled_out workers_blocked workers_fast_aborted workers_lost tasks_waiting tasks_on_workers tasks_running tasks_with_results tasks_submitted tasks_dispatched tasks_done tasks_failed tasks_cancelled tasks_exhausted_attempts time_send time_receive time_send_good time_receive_good time_status_msgs time_internal time_polling time_application time_execute time_execute_good time_execute_exhaustion bytes_sent bytes_received bandwidth capacity_tasks capacity_cores capacity_memory capacity_disk capacity_instantaneous capacity_weighted manager_load total_cores total_memory total_disk committed_cores committed_memory committed_disk max_cores max_memory max_disk min_cores min_memory min_disk
1713646583869169 0 0 0 0 0 0 0 0 0 0 0 0 0 0 0 0 0 0 0 0 0 0 0 0 0 0 0 0 0 0 0 0 0 0 0 1.000000 10 10 5120 10240 10 10 0.000000 0 0 0 0 0 0 0 0 0 0 0 0
1713646647696197 1 0 0 1 1 1 0 0 0 0 0 0 49 1 0 0 50 0 0 0 0 0 10505 405 0 0 711 79918 61783985 1988572 0 0 0 535545 0 1.000000 10 10 5120 10240 10 10 0.486958 4 64000 100000 0 0 0 4 64000 100000 0 0 0
1713646658292194 1 0 0 1 1 1 0 0 0 0 0 0 46 4 4 1 50 4 0 0 0 0 23506 465 0 0 786 80058 72367125 1988679 10592596 0 0 2142179 0 1.000000 10 10 5120 10240 10 10 0.490152 4 64000 100000 4 64000 100000 4 64000 100000 0 0 0
1713646667068309 1 0 0 1 1 1 0 0 0 0 0 0 46 4 4 0 52 6 2 0 0 0 33204 442415 0 441728 1698 80215 80678515 2000994 24634647 24634647 0 3203833 325684106 1.000000 74 74 1184000 1850000 74 14 0.505551 4 64000 100000 4 64000 100000 4 64000 100000 0 0 0
1713646672977669 1 0 0 1 1 1 0 0 0 0 0 0 46 4 4 1 52 6 2 0 0 0 37551 442440 0 441728 1704 80271 86582527 2001496 49910877 24634647 0 3203833 325684106 1.000000 55 55 880000 1375000 46 16 0.508468 4 64000 100000 4 64000 100000 4 64000 100000 0 0 0
1713646682090551 1 0 0 1 1 1 0 0 0 0 0 0 45 4 4 0 54 9 5 0 0 0 50825 1319816 0 1318755 36188 80466 94757224 2014651 80184502 80184502 0 4801030 977772299 683.661840 45 45 720000 1125000 57 23 0.509062 4 64000 100000 4 64000 100000 4 64000 100000 0 0 0
1713646688182398 1 0 0 1 1 1 0 0 0 0 0 0 45 4 4 1 54 9 5 0 0 0 56034 1319848 0 1318755 36198 80531 100842688 2015069 94459822 80184502 0 4801030 977772299 681.057640 58 58 928000 1450000 4732 259 0.510790 4 64000 100000 4 64000 100000 4 64000 100000 0 0 0
1713646694009171 1 0 0 1 1 1 0 0 0 0 0 0 44 4 4 1 55 11 7 0 0 0 63580 1762909 0 1761651 37268 80657 106212392 2020569 157167855 110856626 0 5862683 1302893522 683.347767 68 68 1088000 1700000 1908 757 0.509770 4 64000 100000 4 64000 100000 4 64000 100000 0 0 0
1713646700585718 1 0 0 1 1 1 0 0 0 0 0 0 44 4 4 1 56 12 8 0 0 0 379506 3221901 0 3220476 37783 80781 111005747 2028127 161958430 157167855 0 223306014 2390250973 692.085669 61 61 976000 1525000 37 687 0.509982 4 64000 100000 4 64000 100000 4 64000 100000 0 0 0
1713646706893821 1 0 0 1 1 1 0 0 0 0 0 0 44 4 4 0 58 14 10 0 0 0 387779 3235386 0 3233749 38721 114946 117252247 2033209 175618969 175618969 0 224358229 2398200361 690.298888 49 49 784000 1225000 4420 786 0.509964 4 64000 100000 4 64000 100000 4 64000 100000 0 0 0
1713646713591825 1 0 0 1 1 1 0 0 0 0 0 0 44 4 4 1 58 14 10 0 0 0 393120 3235418 0 3233749 38730 115018 123943553 2034028 187360718 175618969 0 224358229 2398200361 689.276720 49 49 784000 1225000 4420 968 0.511277 4 64000 100000 4 64000 100000 4 64000 100000 0 0 0
1713646718604915 1 0 0 1 1 1 0 0 0 0 0 0 43 4 4 0 58 15 11 0 0 0 398968 3236408 0 3234626 39207 115095 128949459 2034119 187360718 187360718 0 224893773 2398219167 688.125641 49 49 784000 1225000 4420 1305 0.510922 4 64000 100000 4 64000 100000 4 64000 100000 0 0 0
1713646723993018 1 0 0 1 1 1 0 0 0 0 0 0 42 4 4 1 58 16 12 0 0 0 640642 3237377 0 3235515 39626 115189 134093336 2034549 210485360 206708094 0 450254987 2398237973 700.495427 52 52 832000 1300000 3993 1568 0.510398 4 64000 100000 4 64000 100000 4 64000 100000 0 0 0
1713646730767446 1 0 0 1 1 1 0 0 0 0 0 0 41 4 4 0 59 18 14 0 0 0 648351 3378786 0 3376761 40690 115325 140710914 2041562 222500218 222500218 0 451316640 2507234312 700.620331 54 54 864000 1350000 16 1432 0.510085 4 64000 100000 4 64000 100000 4 64000 100000 0 0 0
1713646739665966 1 0 0 1 1 1 0 0 0 0 0 0 41 4 4 0 60 19 15 0 0 0 656063 3521323 0 3519184 41067 115430 149453125 2047027 232979194 232979194 0 451842747 2615533481 700.265172 55 55 880000 1375000 85 1301 0.510716 4 64000 100000 4 64000 100000 4 64000 100000 0 0 0
1713646745325649 1 0 0 1 1 1 0 0 0 0 0 0 40 4 4 1 60 20 16 0 0 0 661090 3522340 0 3520125 41454 115508 155105469 2047494 259991565 249323269 0 452378292 2615552287 699.379838 56 56 896000 1400000 63 1182 0.510398 4 64000 100000 4 64000 100000 4 64000 100000 0 0 0
1713646753892616 1 0 0 1 1 1 0 0 0 0 0 0 39 4 4 0 61 22 18 0 0 0 668736 5465147 0 5462582 42231 115656 161713432 2055344 329706330 329706330 0 453439945 4567381636 780.619485 62 62 992000 1550000 1003 1568 0.510085 4 64000 100000 4 64000 100000 4 64000 100000 0 0 0
1713646760571075 1 0 0 1 1 1 0 0 0 0 0 0 39 4 4 0 62 23 19 0 0 0 675043 5720195 0 5717447 42604 115769 168122212 2063029 342892212 342892212 0 453966052 4785494472 781.321811 54 54 864000 1350000 36 1420 0.510515 4 64000 100000 4 64000 100000 4 64000 100000 0 0 0
1713646766095802 1 0 0 1 1 1 0 0 0 0 0 0 39 4 4 0 63 24 20 0 0 0 681044 6002403 0 5999534 42975 150172 173318101 2068570 358312155 358312155 0 454501596 5002499447 778.670309 54 54 864000 1350000 55 1226 0.510586 4 64000 100000 4 64000 100000 4 64000 100000 0 0 0
1713646773139009 1 0 0 1 1 1 0 0 0 0 0 0 39 4 4 1 63 24 20 0 0 0 688333 6002448 0 5999534 43177 150258 180352713 2069137 375890113 358312155 0 454501596 5002499447 777.816781 54 54 864000 1350000 55 1168 0.511933 4 64000 100000 4 64000 100000 4 64000 100000 0 0 0
1713646778151324 1 0 0 1 1 1 0 0 0 0 0 0 38 4 4 0 63 25 21 0 0 0 693288 6003682 0 6000611 43637 150347 185358433 2069228 375890113 375890113 0 455027704 5002518253 777.175560 54 54 864000 1350000 55 1061 0.511211 4 64000 100000 4 64000 100000 4 64000 100000 0 0 0
1713646788142014 1 0 0 1 1 1 0 0 0 0 0 0 38 4 4 0 64 26 22 0 0 0 701136 6004619 0 6001438 44155 150457 195338180 2070597 385873871 385873871 0 455563249 5002537059 776.236245 56 56 896000 1400000 2083 1162 0.511131 4 64000 100000 4 64000 100000 4 64000 100000 0 0 0
1713646800415273 1 0 0 1 1 1 0 0 0 0 0 0 38 4 4 1 64 26 22 0 0 0 712037 6004685 0 6001438 44178 150581 207599045 2071375 403156810 385873871 0 455563249 5002537059 774.968814 58 58 928000 1450000 2950 1252 0.512327 4 64000 100000 4 64000 100000 4 64000 100000 0 0 0
1713646808385094 1 0 0 1 1 1 0 0 0 0 0 0 37 4 4 0 65 28 24 0 0 0 734757 6287995 0 6284485 45113 150748 215253851 2079581 405804389 405804389 0 464023421 5220260829 771.913332 58 58 928000 1450000 61 1351 0.510741 4 64000 100000 4 64000 100000 4 64000 100000 0 0 0
1713646819423068 1 0 0 1 1 1 0 0 0 0 0 0 37 4 4 1 65 28 24 0 0 0 742986 6288051 0 6284485 45127 150852 226282375 2079983 534449684 405804389 0 464023421 5220260829 771.003750 58 58 928000 1450000 131 1290 0.512148 4 64000 100000 4 64000 100000 4 64000 100000 0 0 0
1713646824459029 1 0 0 1 1 1 0 0 0 0 0 0 36 4 2 0 66 29 26 0 0 0 743486 10811969 0 10808166 254032 150919 226282385 2087663 609503960 609503960 0 681609153 8690434297 773.476867 47 47 752000 1175000 29 1121 0.505141 4 64000 100000 3 48000 75000 4 64000 100000 0 0 0
1713646832271371 1 0 0 1 1 1 0 0 0 0 0 0 37 4 4 0 68 31 27 0 0 0 1047904 10825182 0 10821264 254515 184626 234032358 2093561 612235784 612235784 0 682144698 8698361756 753.464439 51 51 816000 1275000 207 992 0.509359 4 64000 100000 4 64000 100000 4 64000 100000 0 0 0
1713646839385509 1 0 0 1 1 1 0 0 0 0 0 0 37 4 4 1 68 31 27 0 0 0 1053422 10825218 0 10821264 254525 184691 241140043 2093948 627456091 612235784 0 682144698 8698361756 753.112148 50 50 800000 1250000 9 943 0.511132 4 64000 100000 4 64000 100000 4 64000 100000 0 0 0
1713646845262416 1 0 0 1 1 1 0 0 0 0 0 0 36 4 4 0 69 33 29 0 0 0 1059666 10968449 0 10964350 255334 184797 246861489 2099325 640296850 640296850 0 683206350 8807112759 752.459848 52 52 832000 1300000 3700 996 0.510159 4 64000 100000 4 64000 100000 4 64000 100000 0 0 0
1713646876380189 1 0 0 1 1 1 0 0 0 0 0 0 36 4 4 1 69 33 29 0 0 0 1083442 10968596 0 10964350 255369 185087 277954013 2099813 713301177 640296850 0 683206350 8807112759 750.966234 52 52 832000 1300000 71 950 0.512710 4 64000 100000 4 64000 100000 4 64000 100000 0 0 0
1713646881393040 1 0 0 1 1 1 0 0 0 0 0 0 35 4 4 0 69 34 30 0 0 0 1087942 10970327 0 10966011 255949 185140 282960327 2099857 713301177 713301177 0 683741895 8807131565 750.622022 52 52 832000 1300000 71 866 0.511553 4 64000 100000 4 64000 100000 4 64000 100000 0 0 0
1713646887053696 1 0 0 1 1 1 0 0 0 0 0 0 35 4 4 1 69 34 30 0 0 0 1092580 10970353 0 10966011 255955 219477 288581018 2100386 723970316 713301177 0 683741895 8807131565 750.331802 58 58 928000 1450000 20325 2764 0.512061 4 64000 100000 4 64000 100000 4 64000 100000 0 0 0
1713646892399256 1 0 0 1 1 1 0 0 0 0 0 0 35 4 4 0 70 35 31 0 0 0 3283895 11112162 0 11107730 256525 219552 291586649 2106876 723970316 723970316 0 2635607087 8916013249 765.243124 58 58 928000 1450000 20325 4478 0.511267 4 64000 100000 4 64000 100000 4 64000 100000 0 0 0
1713646899235657 1 0 0 1 1 1 0 0 0 0 0 0 35 4 4 1 70 35 31 0 0 0 3289015 11112189 0 11107730 256532 219605 298416920 2107299 733812532 723970316 0 2635607087 8916013249 764.969625 58 58 928000 1450000 74 4258 0.511981 4 64000 100000 4 64000 100000 4 64000 100000 0 0 0
1713646904562956 1 0 0 1 1 1 0 0 0 0 0 0 36 4 4 0 72 36 32 0 0 0 3294840 11202074 0 11197504 257111 219693 303643802 2111670 733812532 733812532 0 2636142632 8986509758 764.592042 58 58 928000 1450000 74 3851 0.511232 4 64000 100000 4 64000 100000 4 64000 100000 0 0 0
1713646912310969 1 0 0 1 1 1 0 0 0 0 0 0 36 4 4 1 72 36 32 0 0 0 3300471 11202107 0 11197504 257117 219753 311385205 2112099 805870024 733812532 0 2636142632 8986509758 764.293429 50 50 800000 1250000 5 3659 0.512046 4 64000 100000 4 64000 100000 4 64000 100000 0 0 0
1713646920997878 1 0 0 1 1 1 0 0 0 0 0 0 38 1 1 0 74 36 35 0 0 0 3300471 13893904 0 19634471 494966 219801 311385212 2124188 975199748 975199748 0 2636142632 15341621653 997.124470 47 47 752000 1175000 30 3141 0.559621 4 64000 100000 2 32000 50000 4 64000 100000 0 0 0
1713646929171783 1 0 0 1 1 1 0 0 0 0 0 0 37 4 4 0 77 40 36 0 0 0 3793291 19658043 0 19652924 495402 219987 319034651 2136491 977817288 977817288 0 2962887458 15353414448 744.852583 41 41 656000 1025000 27 2697 0.507876 4 64000 100000 4 64000 100000 4 64000 100000 0 0 0
1713646938324568 1 0 0 1 1 1 0 0 0 0 0 0 36 4 4 0 78 42 38 0 0 0 3804663 19949314 0 19943873 496397 220348 327875155 2144592 998106022 998106022 0 2963949110 15570246140 744.110596 41 41 656000 1025000 1356 2382 0.509568 4 64000 100000 4 64000 100000 4 64000 100000 0 0 0
1713646946073059 1 0 0 1 1 1 0 0 0 0 0 0 34 4 4 1 78 44 40 0 0 0 3812659 19952014 0 19946357 497409 270410 335560425 2145450 1040045585 1023969231 0 2965001325 15570283752 743.819422 42 42 672000 1050000 537 1997 0.509381 4 64000 100000 4 64000 100000 4 64000 100000 0 0 0
1713646951635316 1 0 0 1 1 1 0 0 0 0 0 0 34 4 4 0 79 45 41 0 0 0 5909552 20402307 0 20396086 497898 270575 338565699 2154814 1040045585 1040045585 0 4809309355 15896081092 750.467653 42 42 672000 1050000 537 1855 0.509465 4 64000 100000 4 64000 100000 4 64000 100000 0 0 0
1713646956870684 1 0 0 1 1 1 0 0 0 0 0 0 34 4 4 1 81 47 43 0 0 0 6145183 20494798 0 20488357 499107 270746 343463526 2162439 1058074766 1056151277 0 4817766404 15962942177 743.920502 42 42 672000 1050000 2573 1724 0.508431 4 64000 100000 4 64000 100000 4 64000 100000 0 0 0
1713646962604548 1 0 0 1 1 1 0 0 0 0 0 0 34 4 4 1 83 49 45 0 0 0 6248417 20503514 0 20496807 500086 271012 349079236 2167402 1183385785 1060170949 0 4926720044 15966907517 744.832812 39 39 624000 975000 9 1480 0.509007 4 64000 100000 4 64000 100000 4 64000 100000 0 0 0
1713646967617600 1 0 0 1 1 1 0 0 0 0 0 0 33 4 4 0 83 50 46 0 0 0 6254002 20504710 0 20497838 500693 271113 354084691 2167715 1183385785 1183385785 0 4927255589 15966926323 744.663818 39 39 624000 975000 20 1338 0.509923 4 64000 100000 4 64000 100000 4 64000 100000 0 0 0
1713646973123064 1 0 0 1 1 1 0 0 0 0 0 0 33 4 4 1 83 50 46 0 0 0 6258515 20504737 0 20497838 500698 271159 359584576 2168282 1197419154 1183385785 0 4927255589 15966926323 744.537497 43 43 688000 1075000 36379 3091 0.511086 4 64000 100000 4 64000 100000 4 64000 100000 0 0 0
1713646978792857 1 0 0 1 1 1 0 0 0 0 0 0 30 4 3 0 84 53 50 0 0 0 6964566 20810558 0 20803224 502527 271361 362544892 2176821 1237006969 1237006969 0 7501847919 16184249926 813.275331 44 44 704000 1100000 49 5894 0.505476 4 64000 100000 3 48000 75000 4 64000 100000 0 0 0
1713646984550194 1 0 0 1 1 1 0 0 0 0 0 0 32 4 4 1 92 60 56 0 0 0 8950020 20852097 0 20844337 506133 271638 367939209 2196021 1290486721 1288859843 0 7836538685 16208021288 769.431222 43 43 688000 1075000 17 4653 0.506348 4 64000 100000 4 64000 100000 4 64000 100000 0 0 0
1713646990822800 1 0 0 1 1 1 0 0 0 0 0 0 27 4 4 1 92 65 61 0 0 0 9423041 20856996 0 20848739 508051 271951 373730176 2197582 1306670262 1304330913 0 8291964052 16208044194 771.631442 41 41 656000 1025000 13 3453 0.506619 4 64000 100000 4 64000 100000 4 64000 100000 0 0 0
1713646998916061 1 0 0 1 1 1 0 0 0 0 0 0 28 4 4 0 96 68 64 0 0 0 9734684 20884566 0 20876027 509279 272174 381472187 2208278 1311544701 1311544701 0 8618887131 16223910376 773.759577 40 40 640000 1000000 16 2817 0.509133 4 64000 100000 4 64000 100000 4 64000 100000 0 0 0
1713647005639283 1 0 0 1 1 1 0 0 0 0 0 0 27 4 4 1 97 70 66 0 0 0 10050982 20886675 0 20877922 510087 306136 387840138 2209921 1347781240 1333634287 0 8957099458 16223930207 776.222364 39 39 624000 975000 13 2607 0.509073 4 64000 100000 4 64000 100000 4 64000 100000 0 0 0
1713647010722117 1 0 0 1 1 1 0 0 0 0 0 0 27 3 3 0 98 71 68 0 0 0 10056642 21340368 0 21749730 511040 306211 392037830 2216659 1364179123 1364179123 0 8957635003 16876511768 784.704093 39 39 624000 975000 13 2355 0.510232 4 64000 100000 4 64000 100000 4 64000 100000 0 0 0
1713647016952150 1 0 0 1 1 1 0 0 0 0 0 0 27 4 3 0 100 72 69 0 0 0 10176786 22682214 0 22672934 511357 306309 393071691 2231953 1394792860 1394792860 0 13364179197 17743860481 902.855792 39 39 624000 975000 37 2025 0.507112 4 64000 100000 3 48000 75000 4 64000 100000 0 0 0
1713647022209236 1 0 0 1 1 1 0 0 0 0 0 0 26 4 3 0 102 75 72 0 0 0 15086247 22728070 0 22718594 512581 306478 396947363 2239469 1420061899 1420061899 0 14775859820 17775277841 820.937317 38 38 608000 950000 409 1677 0.506130 4 64000 100000 3 48000 75000 4 64000 100000 0 0 0
1713647027240683 1 0 0 1 1 1 0 0 0 0 0 0 26 4 3 0 105 78 75 0 0 0 15975009 23246205 0 23236481 513619 306659 400582006 2251589 1443420546 1443420546 0 15538971028 18227922480 821.051054 37 37 592000 925000 6 1370 0.504967 4 64000 100000 3 48000 75000 4 64000 100000 0 0 0
1713647034205700 1 0 0 1 1 1 0 0 0 0 0 0 27 4 4 1 111 84 80 0 0 0 16530020 23499672 0 23489490 515690 306930 407251459 2266567 1466056997 1463986964 0 15559858187 18411035105 809.328446 26 26 416000 650000 55 1020 0.507500 4 64000 100000 4 64000 100000 4 64000 100000 0 0 0
1713647040789125 1 0 0 1 1 1 0 0 0 0 0 0 24 4 4 1 111 87 83 0 0 0 17030017 23503830 0 23493434 517155 307107 413327970 2267623 1481882677 1478852501 0 15964286886 18411055961 808.777948 28 28 448000 700000 28 860 0.508019 4 64000 100000 4 64000 100000 4 64000 100000 0 0 0
1713647046416282 1 0 0 1 1 1 0 0 0 0 0 0 20 4 4 1 111 91 87 0 0 0 18073982 23507054 0 23496392 518657 307365 417904114 2269226 1490953934 1488293243 0 16978783840 18411060061 811.677352 28 28 448000 700000 15 672 0.507246 4 64000 100000 4 64000 100000 4 64000 100000 0 0 0
1713647051518497 1 0 0 1 1 1 0 0 0 0 0 0 17 4 4 1 112 95 91 0 0 0 19212154 23511499 0 23500545 525765 307557 421854855 2271267 1534484536 1530889806 0 17995099878 18411081942 812.656178 25 25 400000 625000 8 524 0.506407 4 64000 100000 4 64000 100000 4 64000 100000 0 0 0
1713647057123331 1 0 0 1 1 1 0 0 0 0 0 0 16 4 2 0 114 97 94 0 0 0 23603601 23539368 0 23528209 529043 307647 421854878 2278561 1544712823 1544712823 0 23563643926 18418977175 849.283537 29 29 464000 725000 13 1423 0.498938 4 64000 100000 3 48000 75000 4 64000 100000 0 0 0
1713647062222821 1 0 0 1 1 1 0 0 0 0 0 0 14 4 4 1 114 100 96 0 0 0 25154661 23541531 0 23530062 531713 307850 426571836 2279738 1553729054 1548632494 0 23893424801 18418979225 828.653152 22 22 352000 550000 55 1226 0.505391 4 64000 100000 4 64000 100000 4 64000 100000 0 0 0
1713647069794035 1 0 0 1 1 1 0 0 0 0 0 0 16 4 3 0 120 103 100 0 0 0 25909503 23628557 0 23616823 533222 343315 429673040 2295981 1561895884 1561895884 0 28030715137 18474140393 895.281049 18 18 288000 450000 9 906 0.503964 4 64000 100000 3 48000 75000 4 64000 100000 0 0 0
1713647074880631 1 0 0 1 1 1 0 0 0 0 0 0 13 4 4 1 120 107 103 0 0 0 30737727 23631672 0 23619727 536680 343455 433498207 2297361 1586960419 1585058575 0 28957166602 18474143468 831.975763 16 16 256000 400000 50 744 0.505049 4 64000 100000 4 64000 100000 4 64000 100000 0 0 0
1713647080042632 1 0 0 1 1 1 0 0 0 0 0 0 9 4 4 1 120 111 107 0 0 0 31549666 23636488 0 23624286 538403 343617 437840283 2298754 1606966501 1596721663 0 29337975391 18474147568 826.243367 13 13 208000 325000 6 588 0.505247 4 64000 100000 4 64000 100000 4 64000 100000 0 0 0
1713647085145555 1 0 0 1 1 1 0 0 0 0 0 0 10 4 3 0 124 113 110 0 0 0 32217485 23799742 0 23787350 539271 343700 438601097 2310207 1611356774 1611356774 0 32953385186 18603566111 877.739633 12 12 192000 300000 4 486 0.503439 4 64000 100000 3 48000 75000 4 64000 100000 0 0 0
1713647090263380 1 0 0 1 1 1 0 0 0 0 0 0 8 4 4 1 127 119 115 0 0 0 36949861 23812343 0 23799603 541311 343938 442459779 2320316 1626528007 1626290081 0 34201108844 18607588357 828.842519 12 12 192000 300000 28 372 0.504237 4 64000 100000 4 64000 100000 4 64000 100000 0 0 0
1713647096989405 1 0 0 1 1 1 0 0 0 0 0 0 7 4 4 1 129 122 118 0 0 0 37448892 23814766 0 23801825 542674 344051 448681493 2322066 1638987823 1635538186 0 34539474902 18607591432 827.325593 11 11 176000 275000 396 378 0.506951 4 64000 100000 4 64000 100000 4 64000 100000 0 0 0
1713647102333910 1 0 0 1 1 1 0 0 0 0 0 0 4 4 4 1 132 128 124 0 0 0 38828498 23836455 0 23823035 544869 344280 452614644 2329553 1662476828 1659472844 0 35240902908 18619490358 819.681038 10 10 160000 250000 15 277 0.506550 4 64000 100000 4 64000 100000 4 64000 100000 0 0 0
1713647112231923 1 0 0 1 1 1 0 0 0 0 0 0 0 2 2 1 136 136 134 0 0 0 40608752 23854228 0 23840079 550614 344623 460701939 2336089 1680882113 1672760377 0 37267298780 18619500608 826.797104 10 10 160000 250000 76 198 0.527815 4 64000 100000 2 32000 50000 4 64000 100000 0 0 0
1713647165564185 1 0 0 1 1 1 0 0 0 0 0 0 0 1 1 1 138 138 137 0 0 0 40610097 23856462 0 23842069 551948 377341 513994305 2338285 1816416645 1681146196 0 37267315235 18619503683 826.751492 10 10 160000 250000 68 165 0.512922 4 64000 100000 1 16000 25000 4 64000 100000 0 0 0
1713647170820239 0 0 0 0 0 1 1 1 0 0 0 0 0 0 0 0 140 140 140 0 0 0 40611478 23859424 0 23844850 553129 377424 517182585 2340232 1819603878 1819603878 0 37267543236 18619541468 826.699730 13 13 208000 325000 501 258 0.534318 0 0 0 0 0 0 0 0 0 0 0 0
