# timestamp workers_connected workers_init workers_idle workers_busy workers_able workers_joined workers_removed workers_released workers_idled_out workers_blocked workers_slow workers_lost tasks_waiting tasks_on_workers tasks_running tasks_with_results tasks_submitted tasks_dispatched tasks_done tasks_failed tasks_cancelled tasks_exhausted_attempts time_send time_receive time_send_good time_receive_good time_status_msgs time_internal time_polling time_application time_scheduling time_execute time_execute_good time_execute_exhaustion bytes_sent bytes_received bandwidth capacity_tasks capacity_cores capacity_memory capacity_disk capacity_instantaneous capacity_weighted total_cores total_memory total_disk committed_cores committed_memory committed_disk max_cores max_memory max_disk min_cores min_memory min_disk inuse_cache
1713200243164997 0 0 0 0 0 0 0 0 0 0 0 0 0 0 0 0 0 0 0 0 0 0 0 0 0 0 0 0 0 0 0 0 0 0 0 0 1.000000 0 0 0 0 0 0 0 0 0 0 0 0 0 0 0 0 0 0 0
1713200243168213 0 0 0 0 0 0 0 0 0 0 0 0 0 0 0 0 0 0 0 0 0 0 0 0 0 0 0 0 0 0 0 0 0 0 0 0 1.000000 10 10 5120 10240 10 10 0 0 0 0 0 0 0 0 0 0 0 0 0
1713200283493909 1 0 0 1 1 1 0 0 0 0 0 0 50 1 1 0 50 0 0 0 0 0 3374 152 0 0 850 42992 38279513 1997727 0 0 0 0 9380 0 1.000000 10 10 5120 10240 10 10 4 200000 500000 0 0 0 4 200000 500000 4 200000 500000 1
1713200285537024 1 0 0 1 1 1 0 0 0 0 0 0 46 5 5 0 50 5 0 0 0 0 7849 161 0 0 916 43018 40318990 1997727 1038 0 0 0 2120828 0 1.000000 10 10 5120 10240 10 10 4 200000 500000 4 200000 500000 4 200000 500000 4 200000 500000 3
1713200294807761 1 0 0 1 1 1 0 0 0 0 0 0 46 5 4 1 50 5 0 0 0 0 12314 183 0 0 1060 43084 49584832 1997758 1038 11273770 0 0 2120828 0 1.000000 10 10 5120 10240 10 10 4 200000 500000 4 200000 500000 4 200000 500000 4 200000 500000 3
1713200294808570 1 0 0 1 1 1 0 0 0 0 0 0 45 5 5 0 50 6 1 0 0 0 12971 440 0 27 1060 43105 49584834 1997758 1041 11273770 11273770 0 2655768 0 1.000000 10 10 5120 10240 10 10 4 200000 500000 4 200000 500000 4 200000 500000 4 200000 500000 3
1713200295065810 1 0 0 1 1 1 0 0 0 0 0 0 44 5 5 0 50 7 2 0 0 0 14120 640 0 53 1395 43131 49840085 1998017 1043 22804692 22804692 0 3190707 0 1.000000 282 0 0 0 282 37 4 200000 500000 4 200000 500000 4 200000 500000 4 200000 500000 3
1713200297092392 1 0 0 1 1 1 0 0 0 0 0 0 44 5 5 0 51 8 3 0 0 0 16141 1029 0 99 1519 43172 51857952 2004133 1047 36362063 36362063 0 3725647 0 1.000000 289 0 0 0 296 63 4 200000 500000 4 200000 500000 4 200000 500000 4 200000 500000 3
1713200298103283 1 0 0 1 1 1 0 0 0 0 0 0 43 5 5 0 51 9 4 0 0 0 17724 1344 0 145 1639 43209 52866726 2004168 1055 50930310 50930310 0 4251149 0 1.000000 307 0 0 0 342 91 4 200000 500000 4 200000 500000 4 200000 500000 4 200000 500000 3
1713200306525093 1 0 0 1 1 1 0 0 0 0 0 0 43 5 4 1 51 9 4 0 0 0 22347 1376 0 145 1786 76810 61249890 2004229 1055 62645366 50930310 0 4251149 0 1.000000 323 0 0 0 372 120 4 200000 500000 4 200000 500000 4 200000 500000 4 200000 500000 3
1713200306525766 1 0 0 1 1 1 0 0 0 0 0 0 42 5 5 0 51 10 5 0 0 0 22872 1657 0 177 1786 76828 61249892 2004229 1058 62645366 62645366 0 4776652 0 1.000000 323 0 0 0 372 145 4 200000 500000 4 200000 500000 4 200000 500000 4 200000 500000 3
1713200311509797 1 0 0 1 1 1 0 0 0 0 0 0 42 5 5 0 52 11 6 0 0 0 26342 2014 0 230 1940 76901 66223911 2010165 1062 77059971 77059971 0 5311592 0 1.000000 391 0 0 0 5301 648 4 200000 500000 4 200000 500000 4 200000 500000 4 200000 500000 3
1713200313829491 1 0 0 1 1 1 0 0 0 0 0 0 42 5 5 0 53 12 7 0 0 0 28280 2236 0 256 2053 76948 68536834 2014592 1064 95821981 95821981 0 5837095 0 1.000000 474 0 0 0 5783 1149 4 200000 500000 4 200000 500000 4 200000 500000 4 200000 500000 3
1713200315917481 1 0 0 1 1 1 0 0 0 0 0 0 42 5 5 0 54 13 8 0 0 0 30585 2643 0 315 2200 76990 70618077 2018411 1069 113633666 113633666 0 5891168 0 1.000000 583 0 0 0 11102 2120 4 200000 500000 4 200000 500000 4 200000 500000 4 200000 500000 2
1713200318015030 1 0 0 1 1 1 0 0 0 0 0 0 41 5 5 0 54 14 9 0 0 0 33012 3033 0 362 2320 77033 72712579 2018450 1073 115728836 115728836 0 6426108 0 1.000000 682 0 0 0 7441 2640 4 200000 500000 4 200000 500000 4 200000 500000 4 200000 500000 3
1713200326947039 1 0 0 1 1 1 0 0 0 0 0 0 43 5 4 1 56 14 9 0 0 0 36748 3058 0 362 2487 77138 81637066 2021744 1073 131164346 115728836 0 6426108 0 1.000000 685 0 0 0 950 2556 4 200000 500000 4 200000 500000 4 200000 500000 4 200000 500000 3
1713200326947959 1 0 0 1 1 1 0 0 0 0 0 0 42 5 5 0 56 15 10 0 0 0 37503 3355 0 395 2487 77154 81637069 2021744 1076 131164346 131164346 0 6961048 0 1.000000 685 0 0 0 950 2400 4 200000 500000 4 200000 500000 4 200000 500000 4 200000 500000 3
1713200328673355 1 0 0 1 1 1 0 0 0 0 0 0 42 5 5 0 57 16 11 0 0 0 38969 3621 0 426 2623 77215 83355744 2026513 1079 146005789 146005789 0 7495987 0 1.000000 765 0 0 0 6109 2763 4 200000 500000 4 200000 500000 4 200000 500000 4 200000 500000 3
1713200328706186 1 0 0 1 1 1 0 0 0 0 0 0 41 5 5 0 57 17 12 0 0 0 40054 3843 0 457 2679 77238 83387111 2026568 1082 168184152 168184152 0 7550060 0 1.000000 840 0 0 0 6490 3127 4 200000 500000 4 200000 500000 4 200000 500000 4 200000 500000 2
1713200328787301 1 0 0 1 1 1 0 0 0 0 0 0 40 5 5 0 57 18 13 0 0 0 41148 4063 0 486 2745 77261 83466785 2026585 1085 178954043 178954043 0 8084999 0 1.000000 957 0 0 0 11374 3932 4 200000 500000 4 200000 500000 4 200000 500000 4 200000 500000 2
1713200331414829 1 0 0 1 1 1 0 0 0 0 0 0 40 5 5 0 58 19 14 0 0 0 43160 4372 0 515 2919 77328 86087307 2031005 1088 181661202 181661202 0 8126402 0 1.000000 1005 0 0 0 4522 3990 4 200000 500000 4 200000 500000 4 200000 500000 4 200000 500000 2
1713200333842959 1 0 0 1 1 1 0 0 0 0 0 0 41 5 5 0 60 20 15 0 0 0 45287 4705 0 549 3107 77405 88508581 2035107 1091 184087591 184087591 0 8651905 0 1.000000 1012 0 0 0 1831 3781 4 200000 500000 4 200000 500000 4 200000 500000 4 200000 500000 3
1713200338074437 1 0 0 1 1 1 0 0 0 0 0 0 40 5 5 0 60 21 16 0 0 0 48531 5037 0 575 3272 77480 92736128 2035191 1097 193486221 193486221 0 9177408 0 1.000000 1017 0 0 0 1603 3570 4 200000 500000 4 200000 500000 4 200000 500000 4 200000 500000 3
1713200342805502 1 0 0 1 1 1 0 0 0 0 0 0 40 5 5 0 61 22 17 0 0 0 51498 5277 0 602 3401 77572 97458975 2039948 1099 207502628 207502628 0 9712348 0 1.000000 1055 0 0 0 3958 3609 4 200000 500000 4 200000 500000 4 200000 500000 4 200000 500000 3
1713200344174661 1 0 0 1 1 1 0 0 0 0 0 0 40 5 5 0 62 23 18 0 0 0 53270 5593 0 649 3503 77609 98821656 2044171 1111 217831887 217831887 0 10237851 0 1.000000 1120 0 0 0 7933 4032 4 200000 500000 4 200000 500000 4 200000 500000 4 200000 500000 3
1713200348356910 1 0 0 1 1 1 0 0 0 0 0 0 39 5 5 0 62 24 19 0 0 0 56569 5874 0 677 3660 77698 103000019 2044202 1114 239238804 239238804 0 10763354 0 1.000000 1162 0 0 0 4559 4084 4 200000 500000 4 200000 500000 4 200000 500000 4 200000 500000 3
1713200359030274 1 0 0 1 1 1 0 0 0 0 0 0 40 5 4 1 63 24 19 0 0 0 61641 5907 0 677 4042 77853 113662551 2049029 1114 254091850 239238804 0 10763354 0 1.000000 1261 0 0 0 9771 4369 4 200000 500000 4 200000 500000 4 200000 500000 4 200000 500000 3
1713200359030957 1 0 0 1 1 1 0 0 0 0 0 0 39 5 5 0 63 25 20 0 0 0 62171 6368 0 705 4043 77868 113662553 2049029 1116 254091850 254091850 0 11298294 0 1.000000 1261 0 0 0 9771 4897 4 200000 500000 4 200000 500000 4 200000 500000 4 200000 500000 3
1713200373019246 1 0 0 1 1 1 0 0 0 0 0 0 39 5 4 1 63 25 20 0 0 0 69127 6417 0 705 4230 112835 127608255 2049170 1116 284303756 254091850 0 11298294 0 1.000000 1317 0 0 0 4581 4867 4 200000 500000 4 200000 500000 4 200000 500000 4 200000 500000 3
1713200373020054 1 0 0 1 1 1 0 0 0 0 0 0 38 5 5 0 63 26 21 0 0 0 69642 6937 0 765 4231 112852 127608256 2049170 1119 284303756 284303756 0 11823797 0 1.000000 1317 0 0 0 4581 4840 4 200000 500000 4 200000 500000 4 200000 500000 4 200000 500000 3
1713200385802674 1 0 0 1 1 1 0 0 0 0 0 0 39 5 4 1 64 26 21 0 0 0 75750 6962 0 765 4369 113005 140378335 2055120 1119 297084389 284303756 0 11823797 0 1.000000 1454 0 0 0 11980 5197 4 200000 500000 4 200000 500000 4 200000 500000 4 200000 500000 3
1713200385803348 1 0 0 1 1 1 0 0 0 0 0 0 38 5 5 0 64 27 22 0 0 0 76279 7218 0 793 4369 113020 140378336 2055120 1121 297084389 297084389 0 12358738 0 1.000000 1454 0 0 0 11980 5860 4 200000 500000 4 200000 500000 4 200000 500000 4 200000 500000 3
1713200389195426 1 0 0 1 1 1 0 0 0 0 0 0 38 5 5 0 65 28 23 0 0 0 78393 7449 0 822 4770 113087 143767224 2055464 1123 337920681 337920681 0 12884242 0 1.000000 1500 0 0 0 4960 5773 4 200000 500000 4 200000 500000 4 200000 500000 4 200000 500000 3
1713200400093237 1 0 0 1 1 1 0 0 0 0 0 0 38 5 4 1 65 28 23 0 0 0 86084 7513 0 822 5090 113395 154656214 2055623 1123 378980723 337920681 0 12884242 0 1.000000 1688 0 0 0 19263 6448 4 200000 500000 4 200000 500000 4 200000 500000 4 200000 500000 3
1713200400094142 1 0 0 1 1 1 0 0 0 0 0 0 37 5 5 0 65 29 24 0 0 0 86736 7976 0 878 5091 113411 154656215 2055623 1125 378980723 378980723 0 13419181 0 1.000000 1688 0 0 0 19263 7698 4 200000 500000 4 200000 500000 4 200000 500000 4 200000 500000 3
1713200406060157 1 0 0 1 1 1 0 0 0 0 0 0 38 5 4 1 66 29 24 0 0 0 89514 7992 0 878 5484 113503 160608697 2062556 1125 395840425 378980723 0 13419181 0 1.000000 1866 0 0 0 14101 8019 4 200000 500000 4 200000 500000 4 200000 500000 4 200000 500000 3
1713200406061442 1 0 0 1 1 1 0 0 0 0 0 0 37 5 5 0 66 30 25 0 0 0 90528 11509 0 926 5485 113537 160608701 2062556 1129 395840425 395840425 0 13954120 0 1.000000 1866 0 0 0 14101 8613 4 200000 500000 4 200000 500000 4 200000 500000 4 200000 500000 3
1713200407444129 1 0 0 1 1 1 0 0 0 0 0 0 36 5 5 0 66 31 26 0 0 0 92960 11857 0 977 5621 113584 161988346 2062611 1134 417478267 417478267 0 14489059 0 1.000000 1896 0 0 0 2960 8063 4 200000 500000 4 200000 500000 4 200000 500000 4 200000 500000 3
1713200414627861 1 0 0 1 1 1 0 0 0 0 0 0 37 5 4 1 67 31 26 0 0 0 95860 11874 0 977 5766 113671 169164076 2067285 1134 494030072 417478267 0 14489059 0 1.000000 1977 0 0 0 9247 8123 4 200000 500000 4 200000 500000 4 200000 500000 4 200000 500000 3
1713200414628543 1 0 0 1 1 1 0 0 0 0 0 0 36 5 5 0 67 32 27 0 0 0 96367 12178 0 1021 5766 113687 169164078 2067285 1137 494030072 494030072 0 14491965 0 1.000000 1977 0 0 0 9247 8234 4 200000 500000 4 200000 500000 4 200000 500000 4 200000 500000 2
1713200416210777 1 0 0 1 1 1 0 0 0 0 0 0 35 5 5 0 67 33 28 0 0 0 97687 12573 0 1057 5886 113727 170744347 2067348 1140 495610958 495610958 0 14494871 0 1.000000 2315 0 0 0 34024 10749 4 200000 500000 4 200000 500000 4 200000 500000 4 200000 500000 2
1713200416864583 1 0 0 1 1 1 0 0 0 0 0 0 34 5 5 0 67 34 29 0 0 0 98857 12821 0 1088 5990 113756 171396522 2067405 1143 506394885 506394885 0 15020374 0 1.000000 2309 0 0 0 1237 9823 4 200000 500000 4 200000 500000 4 200000 500000 4 200000 500000 2
1713200418197463 1 0 0 1 1 1 0 0 0 0 0 0 34 5 5 0 68 35 30 0 0 0 100977 13206 0 1151 6118 113819 172720605 2073478 1148 508379530 508379530 0 15545877 0 1.000000 2163 0 0 0 554 8920 4 200000 500000 4 200000 500000 4 200000 500000 4 200000 500000 3
1713200425785438 1 0 0 1 1 1 0 0 0 0 0 0 34 5 4 1 68 35 30 0 0 0 103918 13230 0 1151 6237 148926 180270028 2073546 1148 526719671 508379530 0 15545877 0 1.000000 2159 0 0 0 1444 8192 4 200000 500000 4 200000 500000 4 200000 500000 4 200000 500000 3
1713200425786197 1 0 0 1 1 1 0 0 0 0 0 0 33 5 5 0 68 36 31 0 0 0 104530 13536 0 1180 6238 148944 180270030 2073546 1151 526719671 526719671 0 16080817 0 1.000000 2159 0 0 0 1444 7535 4 200000 500000 4 200000 500000 4 200000 500000 4 200000 500000 3
1713200429537430 1 0 0 1 1 1 0 0 0 0 0 0 33 5 5 0 69 37 32 0 0 0 106843 14015 0 1237 6497 149068 184012054 2079548 1164 538055997 538055997 0 16134890 0 1.000000 2215 0 0 0 8192 7600 4 200000 500000 4 200000 500000 4 200000 500000 4 200000 500000 2
1713200430723236 1 0 0 1 1 1 0 0 0 0 0 0 32 5 5 0 69 38 33 0 0 0 110065 14348 0 1269 6703 149159 185193813 2079707 1167 551910965 551910965 0 16188963 0 1.000000 2228 0 0 0 2995 7152 4 200000 500000 4 200000 500000 4 200000 500000 4 200000 500000 2
1713200432125483 1 0 0 1 1 1 0 0 0 0 0 0 31 5 5 0 69 39 34 0 0 0 111920 14631 0 1300 6927 149260 186593317 2079949 1170 554497411 554497411 0 16723903 0 1.000000 2265 0 0 0 6379 7078 4 200000 500000 4 200000 500000 4 200000 500000 4 200000 500000 2
1713200433274870 1 0 0 1 1 1 0 0 0 0 0 0 32 5 5 0 71 40 35 0 0 0 113039 14932 0 1336 7041 149306 187737106 2083938 1173 557047934 557047934 0 16777976 0 1.000000 2261 0 0 0 1726 6557 4 200000 500000 4 200000 500000 4 200000 500000 4 200000 500000 2
1713200435513827 1 0 0 1 1 1 0 0 0 0 0 0 33 5 5 0 73 41 36 0 0 0 114605 15211 0 1369 7206 149367 189970252 2087647 1190 566773032 566773032 0 16778405 0 1.000000 2248 0 0 0 970 6013 4 200000 500000 4 200000 500000 4 200000 500000 4 200000 500000 2
1713200436361831 1 0 0 1 1 1 0 0 0 0 0 0 33 5 5 0 74 42 37 0 0 0 115489 15465 0 1398 7300 149396 190811835 2092777 1193 569858659 569858659 0 16832478 0 1.000000 2264 0 0 0 3925 5810 4 200000 500000 4 200000 500000 4 200000 500000 4 200000 500000 2
1713200437523342 1 0 0 1 1 1 0 0 0 0 0 0 34 5 5 0 76 43 38 0 0 0 116975 16457 0 1439 7442 149446 191967358 2096066 1195 571865918 571865918 0 17367418 0 1.000000 2265 0 0 0 2424 5481 4 200000 500000 4 200000 500000 4 200000 500000 4 200000 500000 2
1713200440655658 1 0 0 1 1 1 0 0 0 0 0 0 33 5 5 0 76 44 39 0 0 0 119097 16793 0 1471 7569 149511 195096919 2096137 1197 576157637 576157637 0 17892920 0 1.000000 2254 0 0 0 964 5042 4 200000 500000 4 200000 500000 4 200000 500000 4 200000 500000 3
1713200447591748 1 0 0 1 1 1 0 0 0 0 0 0 35 5 4 1 78 44 39 0 0 0 121704 16816 0 1471 7741 149666 202026134 2099849 1197 591622249 576157637 0 17892920 0 1.000000 2257 0 0 0 2606 4921 4 200000 500000 4 200000 500000 4 200000 500000 4 200000 500000 3
1713200447593083 1 0 0 1 1 1 0 0 0 0 0 0 34 5 5 0 78 45 40 0 0 0 122793 17149 0 1504 7741 149706 202026138 2099849 1201 591622249 591622249 0 18418422 0 1.000000 2257 0 0 0 2606 4696 4 200000 500000 4 200000 500000 4 200000 500000 4 200000 500000 3
1713200453824902 1 0 0 1 1 1 0 0 0 0 0 0 35 5 4 1 79 45 40 0 0 0 125501 17172 0 1504 7884 149820 208249949 2104689 1201 607921626 591622249 0 18418422 0 1.000000 2296 0 0 0 6506 4787 4 200000 500000 4 200000 500000 4 200000 500000 4 200000 500000 3
1713200453825518 1 0 0 1 1 1 0 0 0 0 0 0 34 5 5 0 79 46 41 0 0 0 125943 17445 0 1531 7885 149852 208249951 2104689 1203 607921626 607921626 0 18459825 0 1.000000 2296 0 0 0 6506 4955 4 200000 500000 4 200000 500000 4 200000 500000 4 200000 500000 2
1713200457849425 1 0 0 1 1 1 0 0 0 0 0 0 34 5 5 0 80 47 42 0 0 0 128674 17867 0 1581 8072 149925 212265780 2109324 1208 611943381 611943381 0 18513898 0 1.000000 2333 0 0 0 5635 5022 4 200000 500000 4 200000 500000 4 200000 500000 4 200000 500000 2
1713200459995248 1 0 0 1 1 1 0 0 0 0 0 0 33 5 5 0 80 48 43 0 0 0 130311 18547 0 1610 8243 149978 214408982 2109377 1210 614087041 614087041 0 19048838 0 1.000000 2330 0 0 0 2007 4729 4 200000 500000 4 200000 500000 4 200000 500000 4 200000 500000 3
1713200528810942 1 0 0 1 1 1 0 0 0 0 0 0 35 5 4 1 82 48 43 0 0 0 158225 18785 0 1610 9409 191058 283149581 2113391 1210 695303194 614087041 0 19048838 0 1.000000 2321 0 0 0 1104 4376 4 200000 500000 4 200000 500000 4 200000 500000 4 200000 500000 3
1713200528811690 1 0 0 1 1 1 0 0 0 0 0 0 34 5 5 0 82 49 44 0 0 0 158682 19577 0 1678 9410 191075 283149583 2113391 1214 695303194 695303194 0 19102911 0 1.000000 2321 0 0 0 1104 4058 4 200000 500000 4 200000 500000 4 200000 500000 4 200000 500000 2
1713200531441033 1 0 0 1 1 1 0 0 0 0 0 0 33 5 5 0 82 50 45 0 0 0 160283 19887 0 1713 9565 191130 285776638 2113530 1219 697930841 697930841 0 19144314 0 1.000000 2599 0 0 0 26974 6293 4 200000 500000 4 200000 500000 4 200000 500000 4 200000 500000 2
1713200536521082 1 0 0 1 1 1 0 0 0 0 0 0 35 5 4 1 84 50 45 0 0 0 162173 19897 0 1713 9714 191196 290849082 2118805 1219 703010041 697930841 0 19144314 0 1.000000 2593 0 0 0 1677 6063 4 200000 500000 4 200000 500000 4 200000 500000 4 200000 500000 2
1713200536521775 1 0 0 1 1 1 0 0 0 0 0 0 34 5 5 0 84 51 46 0 0 0 162679 20247 0 1747 9715 191211 290849084 2118805 1224 703010041 703010041 0 19198387 0 1.000000 2593 0 0 0 1677 5636 4 200000 500000 4 200000 500000 4 200000 500000 4 200000 500000 2
1713200539341596 1 0 0 1 1 1 0 0 0 0 0 0 33 5 5 0 84 52 47 0 0 0 165084 20717 0 1795 9889 191263 293665730 2118855 1229 705827263 705827263 0 19723889 0 1.000000 2599 0 0 0 3608 5439 4 200000 500000 4 200000 500000 4 200000 500000 4 200000 500000 3
1713200550018527 1 0 0 1 1 1 0 0 0 0 0 0 35 5 4 1 86 52 47 0 0 0 169183 20744 0 1795 10059 244679 304280900 2122652 1229 716503000 705827263 0 19723889 0 1.000000 2590 0 0 0 1436 5049 4 200000 500000 4 200000 500000 4 200000 500000 4 200000 500000 3
1713200550019243 1 0 0 1 1 1 0 0 0 0 0 0 34 5 5 0 86 53 48 0 0 0 169714 21110 0 1829 10059 244699 304280902 2122652 1233 716503000 716503000 0 19726795 0 1.000000 2590 0 0 0 1436 4698 4 200000 500000 4 200000 500000 4 200000 500000 4 200000 500000 2
1713200551982692 1 0 0 1 1 1 0 0 0 0 0 0 33 5 5 0 86 54 49 0 0 0 171097 21409 0 1862 10203 244753 306242315 2122779 1237 718465112 718465112 0 19780868 0 1.000000 2608 0 0 0 4695 4698 4 200000 500000 4 200000 500000 4 200000 500000 4 200000 500000 2
1713200557066909 1 0 0 1 1 1 0 0 0 0 0 0 33 5 4 1 86 54 49 0 0 0 173279 21418 0 1862 10331 244809 311323815 2122876 1237 723548201 718465112 0 19780868 0 1.000000 2603 0 0 0 1630 4545 4 200000 500000 4 200000 500000 4 200000 500000 4 200000 500000 2
1713200557067866 1 0 0 1 1 1 0 0 0 0 0 0 32 5 5 0 86 55 50 0 0 0 173987 21856 0 1908 10331 244828 311323818 2122876 1241 723548201 723548201 0 20315808 0 1.000000 2603 0 0 0 1630 4262 4 200000 500000 4 200000 500000 4 200000 500000 4 200000 500000 3
1713200578384400 1 0 0 1 1 1 0 0 0 0 0 0 34 5 4 1 88 55 50 0 0 0 182146 21931 0 1908 10485 245156 332626293 2127910 1241 901836665 723548201 0 20315808 0 1.000000 2997 0 0 0 2823 4191 4 200000 500000 4 200000 500000 4 200000 500000 4 200000 500000 3
1713200578385187 1 0 0 1 1 1 0 0 0 0 0 0 33 5 5 0 88 56 51 0 0 0 182763 22336 0 1946 10485 245170 332626295 2127910 1244 901836665 901836665 0 20841311 0 1.000000 2997 0 0 0 2823 4058 4 200000 500000 4 200000 500000 4 200000 500000 4 200000 500000 3
1713200599992296 1 0 0 1 1 1 0 0 0 0 0 0 34 5 4 1 89 56 51 0 0 0 191322 22422 0 1946 10703 245532 354218803 2132921 1244 1041829632 901836665 0 20841311 0 1.000000 4367 0 0 0 70304 7371 4 200000 500000 4 200000 500000 4 200000 500000 4 200000 500000 3
1713200599992903 1 0 0 1 1 1 0 0 0 0 0 0 33 5 5 0 89 57 52 0 0 0 191759 22870 0 1980 10704 245552 354218805 2132921 1248 1041829632 1041829632 0 20895384 0 1.000000 4367 0 0 0 70304 13508 4 200000 500000 4 200000 500000 4 200000 500000 4 200000 500000 2
1713200603675702 1 0 0 1 1 1 0 0 0 0 0 0 33 5 5 0 90 58 53 0 0 0 194133 23148 0 2009 10836 245635 357893724 2137865 1255 1045509689 1045509689 0 21420887 0 1.000000 6046 0 0 0 29380 15056 4 200000 500000 4 200000 500000 4 200000 500000 4 200000 500000 3
1713200607048147 1 0 0 1 1 1 0 0 0 0 0 0 34 5 5 0 92 59 54 0 0 0 196646 23507 0 2042 10953 296210 361208543 2141887 1259 1074169692 1074169692 0 21423793 0 1.000000 7678 0 0 0 1495 13123 4 200000 500000 4 200000 500000 4 200000 500000 4 200000 500000 2
1713200609147022 1 0 0 1 1 1 0 0 0 0 0 0 33 5 5 0 92 60 55 0 0 0 198830 23914 0 2065 11032 296329 363304353 2142095 1262 1076266475 1076266475 0 21958732 0 1.000000 7765 0 0 0 9726 12793 4 200000 500000 4 200000 500000 4 200000 500000 4 200000 500000 3
1713200611948139 1 0 0 1 1 1 0 0 0 0 0 0 32 5 5 0 92 61 56 0 0 0 200362 24182 0 2095 11192 296411 366103318 2142170 1265 1247555817 1247555817 0 22000135 0 1.000000 7731 0 0 0 1427 11686 4 200000 500000 4 200000 500000 4 200000 500000 4 200000 500000 2
1713200615514015 1 0 0 1 1 1 0 0 0 0 0 0 31 5 5 0 92 62 57 0 0 0 202431 24501 0 2129 11342 296492 369666472 2142237 1269 1251119768 1251119768 0 22525637 0 1.000000 8795 0 0 0 50528 15474 4 200000 500000 4 200000 500000 4 200000 500000 4 200000 500000 3
1713200628407622 1 0 0 1 1 1 0 0 0 0 0 0 31 5 4 1 92 62 57 0 0 0 207402 24540 0 2129 11501 296657 382554453 2142350 1269 1270379046 1251119768 0 22525637 0 1.000000 8741 0 0 0 2253 14813 4 200000 500000 4 200000 500000 4 200000 500000 4 200000 500000 3
1713200628408365 1 0 0 1 1 1 0 0 0 0 0 0 30 5 5 0 92 63 58 0 0 0 207969 24831 0 2160 11501 296672 382554455 2142350 1271 1270379046 1270379046 0 23051140 0 1.000000 8741 0 0 0 2253 13589 4 200000 500000 4 200000 500000 4 200000 500000 4 200000 500000 3
1713200636919617 1 0 0 1 1 1 0 0 0 0 0 0 31 5 4 1 93 63 58 0 0 0 211114 24844 0 2160 11649 296760 391056175 2148249 1271 1291783269 1270379046 0 23051140 0 1.000000 8860 0 0 0 8049 13312 4 200000 500000 4 200000 500000 4 200000 500000 4 200000 500000 3
1713200636920439 1 0 0 1 1 1 0 0 0 0 0 0 30 5 5 0 93 64 59 0 0 0 211750 25203 0 2192 11649 296777 391056176 2148249 1274 1291783269 1291783269 0 23576644 0 1.000000 8860 0 0 0 8049 12799 4 200000 500000 4 200000 500000 4 200000 500000 4 200000 500000 3
1713200640898095 1 0 0 1 1 1 0 0 0 0 0 0 29 5 5 0 93 65 60 0 0 0 213578 25477 0 2217 11776 296832 395031459 2148309 1276 1375611410 1375611410 0 23630717 0 1.000000 8934 0 0 0 10106 12538 4 200000 500000 4 200000 500000 4 200000 500000 4 200000 500000 2
1713200644366478 1 0 0 1 1 1 0 0 0 0 0 0 29 5 5 0 94 66 61 0 0 0 215144 25890 0 2248 11962 296891 398492881 2153016 1280 1379077948 1379077948 0 23672120 0 1.000000 9465 0 0 0 36607 14886 4 200000 500000 4 200000 500000 4 200000 500000 4 200000 500000 2
1713200648402531 1 0 0 1 1 1 0 0 0 0 0 0 30 5 5 0 96 67 62 0 0 0 217939 26350 0 2301 12153 296961 402521574 2156828 1288 1383110962 1383110962 0 23726193 0 1.000000 9333 0 0 0 1944 13625 4 200000 500000 4 200000 500000 4 200000 500000 4 200000 500000 2
1713200651262370 1 0 0 1 1 1 0 0 0 0 0 0 29 5 5 0 96 68 63 0 0 0 219572 26629 0 2330 12269 297011 405379243 2156887 1291 1385968566 1385968566 0 23729099 0 1.000000 9269 0 0 0 1583 12451 4 200000 500000 4 200000 500000 4 200000 500000 4 200000 500000 2
1713200653109952 1 0 0 1 1 1 0 0 0 0 0 0 30 5 5 0 98 69 64 0 0 0 220769 26907 0 2356 12396 297071 407221512 2160503 1294 1387814660 1387814660 0 23783172 0 1.000000 9214 0 0 0 1258 11361 4 200000 500000 4 200000 500000 4 200000 500000 4 200000 500000 2
1713200657705495 1 0 0 1 1 1 0 0 0 0 0 0 29 5 5 0 98 70 65 0 0 0 223567 27266 0 2384 12589 297236 411813393 2160608 1299 1408597344 1408597344 0 23824575 0 1.000000 9214 0 0 0 1278 10379 4 200000 500000 4 200000 500000 4 200000 500000 4 200000 500000 2
1713200660525545 1 0 0 1 1 1 0 0 0 0 0 0 29 5 5 0 99 71 66 0 0 0 225379 27575 0 2416 12754 297349 414630217 2161397 1302 1411415625 1411415625 0 23865978 0 1.000000 9300 0 0 0 8667 10213 4 200000 500000 4 200000 500000 4 200000 500000 4 200000 500000 2
1713200664947017 1 0 0 1 1 1 0 0 0 0 0 0 28 5 5 0 99 72 67 0 0 0 227470 27866 0 2445 12885 297437 419048984 2161467 1304 1415835703 1415835703 0 23868884 0 1.000000 9222 0 0 0 1701 9384 4 200000 500000 4 200000 500000 4 200000 500000 4 200000 500000 2
1713200666995900 1 0 0 1 1 1 0 0 0 0 0 0 27 5 5 0 99 73 68 0 0 0 229241 28394 0 2511 13070 329499 421063236 2161519 1309 1417882703 1417882703 0 23871790 0 1.000000 9245 0 0 0 3414 8534 4 200000 500000 4 200000 500000 4 200000 500000 4 200000 500000 2
1713200668724852 1 0 0 1 1 1 0 0 0 0 0 0 26 5 5 0 99 74 69 0 0 0 230280 28638 0 2542 13181 329538 422790576 2161664 1311 1433495966 1433495966 0 23925863 0 1.000000 9144 0 0 0 1364 7836 4 200000 500000 4 200000 500000 4 200000 500000 4 200000 500000 2
1713200668907711 1 0 0 1 1 1 0 0 0 0 0 0 27 5 5 0 101 75 70 0 0 0 231193 28874 0 2574 13265 329569 422967397 2166414 1315 1435406683 1435406683 0 23979936 0 1.000000 9267 0 0 0 9656 8014 4 200000 500000 4 200000 500000 4 200000 500000 4 200000 500000 2
1713200671632712 1 0 0 1 1 1 0 0 0 0 0 0 27 5 5 0 102 76 71 0 0 0 232826 29149 0 2602 13409 329626 425689820 2166853 1317 1438312590 1438312590 0 24514877 0 1.000000 9151 0 0 0 1836 7413 4 200000 500000 4 200000 500000 4 200000 500000 4 200000 500000 2
1713200672024159 1 0 0 1 1 1 0 0 0 0 0 0 28 5 5 0 104 77 72 0 0 0 234260 29487 0 2653 13524 329683 426075526 2170621 1322 1481925721 1481925721 0 24568950 0 1.000000 9141 0 0 0 1777 6865 4 200000 500000 4 200000 500000 4 200000 500000 4 200000 500000 2
1713200672294399 1 0 0 1 1 1 0 0 0 0 0 0 27 5 5 0 104 78 73 0 0 0 235273 29840 0 2700 13609 329709 426344236 2170649 1326 1485310813 1485310813 0 24610353 0 1.000000 9156 0 0 0 19655 8113 4 200000 500000 4 200000 500000 4 200000 500000 4 200000 500000 2
1713200674470880 1 0 0 1 1 1 0 0 0 0 0 0 28 5 5 0 106 79 74 0 0 0 237459 30222 0 2749 13763 329778 428514866 2173680 1330 1487485518 1487485518 0 24611735 0 1.000000 8961 0 0 0 2366 7553 4 200000 500000 4 200000 500000 4 200000 500000 4 200000 500000 2
1713200674513642 1 0 0 1 1 1 0 0 0 0 0 0 27 5 5 0 106 80 75 0 0 0 238244 30547 0 2795 13843 329802 428556346 2173719 1334 1489974006 1489974006 0 24653138 0 1.000000 9162 0 0 0 1571 6970 4 200000 500000 4 200000 500000 4 200000 500000 4 200000 500000 2
1713200674562609 1 0 0 1 1 1 0 0 0 0 0 0 28 5 5 0 108 81 76 0 0 0 239507 30918 0 2857 13944 329832 428600273 2176968 1338 1490064296 1490064296 0 24694541 0 1.000000 9079 0 0 0 1889 6475 4 200000 500000 4 200000 500000 4 200000 500000 4 200000 500000 2
1713200677387672 1 0 0 1 1 1 0 0 0 0 0 0 27 5 5 0 108 82 77 0 0 0 241132 31200 0 2885 14108 329906 431423145 2176985 1340 1492887807 1492887807 0 24735944 0 1.000000 8491 0 0 0 64 5851 4 200000 500000 4 200000 500000 4 200000 500000 4 200000 500000 2
1713200678046065 1 0 0 1 1 1 0 0 0 0 0 0 27 5 5 0 109 83 78 0 0 0 242131 31553 0 2920 14286 329971 432079586 2177310 1345 1496418449 1496418449 0 24790017 0 1.000000 8469 0 0 0 1634 5441 4 200000 500000 4 200000 500000 4 200000 500000 4 200000 500000 2
1713200680561211 1 0 0 1 1 1 0 0 0 0 0 0 26 5 5 0 109 84 79 0 0 0 243537 31890 0 2950 14404 330045 434592576 2177497 1349 1499590450 1499590450 0 24792923 0 1.000000 9913 0 0 0 2231 5129 4 200000 500000 4 200000 500000 4 200000 500000 4 200000 500000 2
1713200682132206 1 0 0 1 1 1 0 0 0 0 0 0 25 5 5 0 109 85 80 0 0 0 245374 32200 0 2980 14513 330096 436161077 2177647 1353 1501159144 1501159144 0 25318426 0 1.000000 9933 0 0 0 2456 4869 4 200000 500000 4 200000 500000 4 200000 500000 4 200000 500000 2
1713200685109162 1 0 0 1 1 1 0 0 0 0 0 0 24 5 5 0 109 86 81 0 0 0 246743 32488 0 3006 14658 330165 439135991 2177779 1366 1514633751 1514633751 0 25359829 0 1.000000 9839 0 0 0 1055 4498 4 200000 500000 4 200000 500000 4 200000 500000 4 200000 500000 2
1713200687771974 1 0 0 1 1 1 0 0 0 0 0 0 24 5 5 0 110 87 82 0 0 0 248188 32814 0 3040 14803 330247 441788405 2186147 1369 1524357598 1524357598 0 25362735 0 1.000000 10055 0 0 0 7179 4761 4 200000 500000 4 200000 500000 4 200000 500000 4 200000 500000 2
1713200689939775 1 0 0 1 1 1 0 0 0 0 0 0 25 5 5 0 112 88 83 0 0 0 249481 33095 0 3072 14926 330285 443950388 2190201 1372 1526524231 1526524231 0 25365641 0 1.000000 10037 0 0 0 5034 4788 4 200000 500000 4 200000 500000 4 200000 500000 4 200000 500000 2
1713200690284077 1 0 0 1 1 1 0 0 0 0 0 0 24 5 5 0 112 89 84 0 0 0 250349 33339 0 3105 14989 330312 444293402 2190260 1375 1531697813 1531697813 0 25368547 0 1.000000 10085 0 0 0 2174 4534 4 200000 500000 4 200000 500000 4 200000 500000 4 200000 500000 2
1713200691807341 1 0 0 1 1 1 0 0 0 0 0 0 23 5 5 0 112 90 85 0 0 0 251305 33618 0 3137 15085 330344 445815255 2190281 1379 1533564269 1533564269 0 25409950 0 1.000000 10268 0 0 0 4422 4524 4 200000 500000 4 200000 500000 4 200000 500000 4 200000 500000 2
1713200692493973 1 0 0 1 1 1 0 0 0 0 0 0 22 5 5 0 112 91 86 0 0 0 252083 33822 0 3163 15157 330370 446500747 2190316 1381 1535772676 1535772676 0 25412856 0 1.000000 10335 0 0 0 1700 4249 4 200000 500000 4 200000 500000 4 200000 500000 4 200000 500000 2
1713200695037456 1 0 0 1 1 1 0 0 0 0 0 0 21 5 5 0 112 92 87 0 0 0 253380 34221 0 3194 15270 330411 449042311 2190357 1384 1538314962 1538314962 0 25938358 0 1.000000 10300 0 0 0 1461 3978 4 200000 500000 4 200000 500000 4 200000 500000 4 200000 500000 2
1713200695476181 1 0 0 1 1 1 0 0 0 0 0 0 20 5 5 0 112 93 88 0 0 0 254198 34495 0 3226 15338 330443 449479772 2190402 1387 1541981745 1541981745 0 25979761 0 1.000000 10417 0 0 0 2354 3820 4 200000 500000 4 200000 500000 4 200000 500000 4 200000 500000 2
1713200697601775 1 0 0 1 1 1 0 0 0 0 0 0 19 5 5 0 112 94 89 0 0 0 255686 34766 0 3261 15483 330481 451603366 2190432 1389 1557449142 1557449142 0 26514700 0 1.000000 10383 0 0 0 1936 3637 4 200000 500000 4 200000 500000 4 200000 500000 4 200000 500000 2
1713200698587998 1 0 0 1 1 1 0 0 0 0 0 0 18 5 5 0 112 95 90 0 0 0 256371 35024 0 3292 15562 330508 452588467 2190479 1391 1560560010 1560560010 0 27040202 0 1.000000 10346 0 0 0 5716 3840 4 200000 500000 4 200000 500000 4 200000 500000 4 200000 500000 3
1713200709863540 1 0 0 1 1 1 0 0 0 0 0 0 18 5 4 1 112 95 90 0 0 0 259688 35079 0 3292 15851 330710 463859725 2190622 1391 1571833886 1560560010 0 27040202 0 1.000000 10419 0 0 0 3188 3808 4 200000 500000 4 200000 500000 4 200000 500000 4 200000 500000 3
1713200709864187 1 0 0 1 1 1 0 0 0 0 0 0 17 5 5 0 112 96 91 0 0 0 260074 35549 0 3342 15851 330728 463859727 2190622 1397 1571833886 1571833886 0 27081605 0 1.000000 10419 0 0 0 3188 3748 4 200000 500000 4 200000 500000 4 200000 500000 4 200000 500000 2
1713200715373996 1 0 0 1 1 1 0 0 0 0 0 0 17 5 4 1 112 96 91 0 0 0 261693 35569 0 3342 16078 330809 469367217 2190799 1397 1592168166 1571833886 0 27081605 0 1.000000 10478 0 0 0 5184 3820 4 200000 500000 4 200000 500000 4 200000 500000 4 200000 500000 2
1713200715374590 1 0 0 1 1 1 0 0 0 0 0 0 16 5 5 0 112 97 92 0 0 0 262109 35880 0 3373 16079 330825 469367219 2190799 1401 1592168166 1592168166 0 27084511 0 1.000000 10478 0 0 0 5184 3954 4 200000 500000 4 200000 500000 4 200000 500000 4 200000 500000 2
1713200717484727 1 0 0 1 1 1 0 0 0 0 0 0 16 5 5 0 113 98 93 0 0 0 263194 36281 0 3421 16234 330874 471474987 2191452 1404 1594276846 1594276846 0 27087417 0 1.000000 10579 0 0 0 7297 4281 4 200000 500000 4 200000 500000 4 200000 500000 4 200000 500000 2
1713200719706518 1 0 0 1 1 1 0 0 0 0 0 0 15 5 5 0 113 99 94 0 0 0 264092 36498 0 3445 16326 330928 473695387 2191553 1407 1596497139 1596497139 0 27141490 0 1.000000 9906 0 0 0 1611 4022 4 200000 500000 4 200000 500000 4 200000 500000 4 200000 500000 2
1713200728154437 1 0 0 1 1 1 0 0 0 0 0 0 15 5 4 1 113 99 94 0 0 0 265860 36549 0 3445 16482 373524 482098341 2191676 1407 1604944152 1596497139 0 27141490 0 1.000000 9915 0 0 0 1532 3780 4 200000 500000 4 200000 500000 4 200000 500000 4 200000 500000 2
1713200728154999 1 0 0 1 1 1 0 0 0 0 0 0 14 5 5 0 113 100 95 0 0 0 266251 36916 0 3478 16483 373542 482098343 2191676 1412 1604944152 1604944152 0 27144396 0 1.000000 9915 0 0 0 1532 3562 4 200000 500000 4 200000 500000 4 200000 500000 4 200000 500000 2
1713200729310077 1 0 0 1 1 1 0 0 0 0 0 0 15 5 5 0 115 101 96 0 0 0 267145 37356 0 3536 16602 373582 483244468 2199107 1418 1730575783 1730575783 0 27185799 0 1.000000 9958 0 0 0 6262 3826 4 200000 500000 4 200000 500000 4 200000 500000 4 200000 500000 1
1713200730150716 1 0 0 1 1 1 0 0 0 0 0 0 15 5 5 0 116 102 97 0 0 0 267827 37730 0 3588 16703 373609 484083499 2199504 1421 1750860768 1750860768 0 27239872 0 1.000000 11209 0 0 0 44662 7808 4 200000 500000 4 200000 500000 4 200000 500000 4 200000 500000 1
1713200731061065 1 0 0 1 1 1 0 0 0 0 0 0 14 5 5 0 116 103 98 0 0 0 269087 38116 0 3642 16836 373674 484991880 2199550 1424 1753764571 1753764571 0 27774812 0 1.000000 11415 0 0 0 13847 8397 4 200000 500000 4 200000 500000 4 200000 500000 4 200000 500000 2
1713200732951427 1 0 0 1 1 1 0 0 0 0 0 0 13 5 5 0 116 104 99 0 0 0 270031 38464 0 3689 17002 373735 486880580 2199657 1428 1756563483 1756563483 0 27777718 0 1.000000 11384 0 0 0 1900 7765 4 200000 500000 4 200000 500000 4 200000 500000 4 200000 500000 2
1713200734742945 1 0 0 1 1 1 0 0 0 0 0 0 14 5 5 0 118 105 100 0 0 0 270868 38709 0 3715 17148 373788 488666509 2203935 1431 1758353495 1758353495 0 27819121 0 1.000000 11387 0 0 0 1769 7182 4 200000 500000 4 200000 500000 4 200000 500000 4 200000 500000 2
1713200736643781 1 0 0 1 1 1 0 0 0 0 0 0 13 5 5 0 118 106 101 0 0 0 271671 39013 0 3747 17245 373833 490565930 2204065 1434 1760253064 1760253064 0 27860524 0 1.000000 9553 0 0 0 1212 6601 4 200000 500000 4 200000 500000 4 200000 500000 4 200000 500000 2
1713200737894907 1 0 0 1 1 1 0 0 0 0 0 0 12 5 5 0 118 107 102 0 0 0 272312 39241 0 3773 17325 373864 491815967 2204144 1438 1768836729 1768836729 0 27914597 0 1.000000 8355 0 0 0 1737 6127 4 200000 500000 4 200000 500000 4 200000 500000 4 200000 500000 2
1713200740655681 1 0 0 1 1 1 0 0 0 0 0 0 11 5 5 0 118 108 103 0 0 0 273281 39645 0 3819 17442 373916 494575091 2204222 1441 1771595375 1771595375 0 27915979 0 1.000000 8542 0 0 0 7484 6260 4 200000 500000 4 200000 500000 4 200000 500000 4 200000 500000 2
1713200740829030 1 0 0 1 1 1 0 0 0 0 0 0 12 5 5 0 120 109 104 0 0 0 273862 39881 0 3843 17515 373950 494742282 2209427 1443 1771767803 1771767803 0 27918885 0 1.000000 8338 0 0 0 1443 5792 4 200000 500000 4 200000 500000 4 200000 500000 4 200000 500000 2
1713200742786299 1 0 0 1 1 1 0 0 0 0 0 0 11 5 5 0 120 110 105 0 0 0 274793 40120 0 3871 17614 373993 496698191 2209452 1447 1773723921 1773723921 0 27919674 0 1.000000 8377 0 0 0 202 5248 4 200000 500000 4 200000 500000 4 200000 500000 4 200000 500000 2
1713200745079254 1 0 0 1 1 1 0 0 0 0 0 0 10 5 5 0 120 111 106 0 0 0 275710 42723 0 3910 17718 374048 498987371 2209516 1451 1776012849 1776012849 0 27922580 0 1.000000 6535 0 0 0 2241 4956 4 200000 500000 4 200000 500000 4 200000 500000 4 200000 500000 2
1713200747250038 1 0 0 1 1 1 0 0 0 0 0 0 9 5 5 0 120 112 107 0 0 0 276461 42985 0 3940 17844 374085 501156817 2209628 1455 1778182704 1778182704 0 27963983 0 1.000000 6329 0 0 0 571 4529 4 200000 500000 4 200000 500000 4 200000 500000 4 200000 500000 2
1713200750643687 1 0 0 1 1 1 0 0 0 0 0 0 8 5 5 0 120 113 108 0 0 0 277373 43372 0 3990 17999 374143 504548820 2209730 1466 1781574404 1781574404 0 27966889 0 1.000000 6232 0 0 0 2304 4313 4 200000 500000 4 200000 500000 4 200000 500000 4 200000 500000 2
1713200753035316 1 0 0 1 1 1 0 0 0 0 0 0 7 5 5 0 120 114 109 0 0 0 278161 43713 0 4017 18111 374187 506939021 2209846 1470 1783964958 1783964958 0 27967678 0 1.000000 6035 0 0 0 1903 4079 4 200000 500000 4 200000 500000 4 200000 500000 4 200000 500000 2
1713200755373569 1 0 0 1 1 1 0 0 0 0 0 0 6 5 5 0 120 115 110 0 0 0 278968 43994 0 4047 18245 374261 509275805 2209972 1473 1786301106 1786301106 0 28021751 0 1.000000 5119 0 0 0 2625 3938 4 200000 500000 4 200000 500000 4 200000 500000 4 200000 500000 2
1713200755976818 1 0 0 1 1 1 0 0 0 0 0 0 5 5 5 0 120 116 111 0 0 0 279363 44237 0 4075 18330 374288 509878110 2210123 1477 1805633104 1805633104 0 28063154 0 1.000000 5087 0 0 0 1132 3665 4 200000 500000 4 200000 500000 4 200000 500000 4 200000 500000 2
1713200758233920 1 0 0 1 1 1 0 0 0 0 0 0 4 5 5 0 120 117 112 0 0 0 279999 44524 0 4105 18439 374333 512133998 2210226 1480 1807889088 1807889088 0 28066060 0 1.000000 5378 0 0 0 18221 5085 4 200000 500000 4 200000 500000 4 200000 500000 4 200000 500000 2
1713200758410770 1 0 0 1 1 1 0 0 0 0 0 0 3 5 5 0 120 118 113 0 0 0 280488 44745 0 4136 18506 374355 512309936 2210315 1483 1810925220 1810925220 0 28066849 0 1.000000 5458 0 0 0 2243 4808 4 200000 500000 4 200000 500000 4 200000 500000 4 200000 500000 2
1713200760182002 1 0 0 1 1 1 0 0 0 0 0 0 4 5 5 0 122 119 114 0 0 0 280982 44985 0 4164 18620 374399 514074315 2216246 1486 1812694767 1812694767 0 28069755 0 1.000000 5510 0 0 0 3258 4658 4 200000 500000 4 200000 500000 4 200000 500000 4 200000 500000 2
1713200760312924 1 0 0 1 1 1 0 0 0 0 0 0 4 5 5 0 123 120 115 0 0 0 281553 45249 0 4195 18725 374437 514203301 2217177 1489 1814772675 1814772675 0 28604695 0 1.000000 5313 0 0 0 1065 4309 4 200000 500000 4 200000 500000 4 200000 500000 4 200000 500000 2
1713200762100916 1 0 0 1 1 1 0 0 0 0 0 0 4 5 5 0 124 121 116 0 0 0 282322 45643 0 4253 18909 374475 515989395 2217660 1495 1816690273 1816690273 0 28606437 0 1.000000 5361 0 0 0 2442 4128 4 200000 500000 4 200000 500000 4 200000 500000 4 200000 500000 2
1713200762281971 1 0 0 1 1 1 0 0 0 0 0 0 4 5 5 0 125 122 117 0 0 0 282917 46047 0 4299 19021 374503 516168836 2218104 1501 1816869983 1816869983 0 28647840 0 1.000000 5350 0 0 0 1971 3919 4 200000 500000 4 200000 500000 4 200000 500000 4 200000 500000 2
1713200766726426 1 0 0 1 1 1 0 0 0 0 0 0 3 5 5 0 125 123 118 0 0 0 284260 46415 0 4350 19480 374588 520610975 2218125 1507 1885992409 1885992409 0 28648434 0 1.000000 5342 0 0 0 143 3552 4 200000 500000 4 200000 500000 4 200000 500000 4 200000 500000 2
1713200766873923 1 0 0 1 1 1 0 0 0 0 0 0 3 5 5 0 126 124 119 0 0 0 284780 46784 0 4400 19591 374616 520752207 2223339 1513 1890582889 1890582889 0 28651340 0 1.000000 6032 0 0 0 35430 6661 4 200000 500000 4 200000 500000 4 200000 500000 4 200000 500000 2
1713200768286175 1 0 0 1 1 1 0 0 0 0 0 0 3 5 5 0 127 125 120 0 0 0 285313 49007 0 6365 19735 374649 522161280 2223548 1515 1892139738 1892139738 0 28692743 150 1.000000 6039 0 0 0 3284 6333 4 200000 500000 4 200000 500000 4 200000 500000 4 200000 500000 2
1713200769499465 1 0 0 1 1 1 0 0 0 0 0 0 2 5 5 0 127 126 121 0 0 0 285945 49333 0 6408 19855 374693 523372803 2224150 1520 1894764029 1894764029 0 28746816 150 1.000000 5898 0 0 0 486 5764 4 200000 500000 4 200000 500000 4 200000 500000 4 200000 500000 2
1713200771937651 1 0 0 1 1 1 0 0 0 0 0 0 1 5 5 0 127 127 122 0 0 0 286648 49726 0 6461 19994 374733 525809621 2224202 1527 1898413299 1898413299 0 28748558 150 1.000000 5451 0 0 0 2622 5458 4 200000 500000 4 200000 500000 4 200000 500000 4 200000 500000 2
1713200772085067 1 0 0 1 1 1 0 0 0 0 0 0 1 5 5 0 128 128 123 0 0 0 288356 50028 0 6507 20107 374821 525954292 2224563 1533 1898558094 1898558094 0 28750300 150 1.000000 5423 0 0 0 1947 5117 4 200000 500000 4 200000 500000 4 200000 500000 4 200000 500000 2
1713200772239923 1 0 0 1 1 1 0 0 0 0 0 0 0 5 5 0 128 129 124 0 0 0 289066 50355 0 6552 20247 374842 526107799 2224691 1551 1898711811 1898711811 0 28752042 150 1.000000 5413 0 0 0 126 4631 4 200000 500000 4 200000 500000 4 200000 500000 4 200000 500000 2
1713200772407170 1 0 0 1 1 1 0 0 0 0 0 0 0 4 4 0 128 129 125 0 0 0 289067 50651 0 6597 20355 374873 526274547 2224721 1551 1898878342 1898878342 0 28752042 150 1.000000 5322 0 0 0 71 4187 4 200000 500000 4 200000 500000 4 200000 500000 4 200000 500000 2
1713200774872409 1 0 0 1 1 1 0 0 0 0 0 0 0 3 3 0 128 129 126 0 0 0 289067 51014 0 6644 20532 374912 528739115 2224756 1551 1913436513 1913436513 0 28752042 150 1.000000 5339 0 0 0 139 3793 4 200000 500000 4 200000 500000 4 200000 500000 4 200000 500000 1
1713200775314177 1 0 0 1 1 1 0 0 0 0 0 0 0 3 3 0 129 130 127 0 0 0 289356 51819 0 6680 20636 374925 529173446 2230942 1556 1957687883 1957687883 0 28806115 150 1.000000 5503 0 0 0 9238 4325 4 200000 500000 4 200000 500000 4 200000 500000 4 200000 500000 1
1713200777186703 1 0 0 1 1 1 0 0 0 0 0 0 0 3 3 0 130 131 128 0 0 0 289887 52235 0 6773 20733 374981 531041084 2234694 1583 1965373914 1965373914 0 28860188 150 1.000000 5952 0 0 0 16661 5528 4 200000 500000 4 200000 500000 4 200000 500000 4 200000 500000 1
1713200779954901 1 0 0 1 1 1 0 0 0 0 0 0 0 4 4 0 132 133 129 0 0 0 290850 52642 0 6826 20869 375026 533804179 2238201 1596 1970014107 1970014107 0 28904497 150 1.000000 5991 0 0 0 4985 5476 4 200000 500000 4 200000 500000 4 200000 500000 4 200000 500000 1
1713200782111123 1 0 0 1 1 1 0 0 0 0 0 0 0 5 5 0 134 135 130 0 0 0 291787 52922 0 6852 21029 375069 535955599 2241546 1608 1973931629 1973931629 0 28948806 150 1.000000 6032 0 0 0 3153 5250 4 200000 500000 4 200000 500000 4 200000 500000 4 200000 500000 1
1713200783594372 1 0 0 1 1 1 0 0 0 0 0 0 0 4 4 0 134 135 131 0 0 0 291789 53323 0 6899 21216 375117 537438117 2241592 1608 1981204668 1981204668 0 28948806 150 1.000000 5908 0 0 0 2070 4940 4 200000 500000 4 200000 500000 4 200000 500000 4 200000 500000 1
1713200784304364 1 0 0 1 1 1 0 0 0 0 0 0 0 5 5 0 136 137 132 0 0 0 292465 53738 0 6927 21298 375133 538143545 2244935 1618 1984547556 1984547556 0 28993115 150 1.000000 5861 0 0 0 3413 4792 4 200000 500000 4 200000 500000 4 200000 500000 4 200000 500000 1
1713200784511357 1 0 0 1 1 1 0 0 0 0 0 0 0 4 4 0 136 137 133 0 0 0 292466 54083 0 6972 21402 375167 538349986 2244965 1618 1986939454 1986939454 0 28993115 150 1.000000 5819 0 0 0 1887 4509 4 200000 500000 4 200000 500000 4 200000 500000 4 200000 500000 1
1713200786614134 1 0 0 1 1 1 0 0 0 0 0 0 0 3 3 0 136 137 134 0 0 0 292468 54456 0 7008 21533 404115 540423245 2244996 1618 1989247924 1989247924 0 28993115 150 1.000000 5292 0 0 0 282 3908 4 200000 500000 4 200000 500000 4 200000 500000 4 200000 500000 1
1713200787698887 1 0 0 1 1 1 0 0 0 0 0 0 0 3 3 0 137 138 135 0 0 0 293149 54689 0 7038 21590 404144 541506285 2245680 1627 1989328886 1989328886 0 28994857 150 1.000000 5277 0 0 0 1617 3686 4 200000 500000 4 200000 500000 4 200000 500000 4 200000 500000 1
1713200788189512 1 0 0 1 1 1 0 0 0 0 0 0 0 3 3 0 138 139 136 0 0 0 293680 54955 0 7071 21661 404159 541995582 2246094 1634 1999324907 1999324907 0 28996408 150 1.000000 5230 0 0 0 44 3331 4 200000 500000 4 200000 500000 4 200000 500000 4 200000 500000 1
1713200788270179 1 0 0 1 1 1 0 0 0 0 0 0 0 2 2 0 138 139 137 0 0 0 293681 55468 0 7331 21732 404192 542075566 2246120 1634 1999404974 1999404974 0 28996408 1180 1.000000 5287 0 0 0 6433 3635 4 200000 500000 4 200000 500000 4 200000 500000 4 200000 500000 1
1713200790399907 1 0 0 1 1 1 0 0 0 0 0 0 0 1 1 0 138 139 138 0 0 0 293682 55882 0 7382 21895 404236 544203889 2246858 1634 2005500155 2005500155 0 28996408 1180 1.000000 5286 0 0 0 65 3288 4 200000 500000 4 200000 500000 4 200000 500000 4 200000 500000 1
1713200791483955 1 0 0 1 1 1 0 0 0 0 0 0 0 1 1 0 139 140 139 0 0 0 294379 56209 0 7427 21994 404275 545286191 2247387 1644 2005581074 2005581074 0 28998150 1180 1.000000 5265 0 0 0 4811 3438 4 200000 500000 4 200000 500000 4 200000 500000 4 200000 500000 1
1713200792566175 1 0 0 1 1 1 0 0 0 0 0 0 0 1 1 0 140 141 140 0 0 0 294921 56758 0 7685 22088 404314 546366691 2247835 1651 2005659391 2005659391 0 28999701 2210 1.000000 5211 0 0 0 64 3110 4 200000 500000 4 200000 500000 4 200000 500000 4 200000 500000 1
1713200792771080 0 0 0 0 0 1 1 1 0 0 0 0 0 0 0 0 140 141 140 0 0 0 294921 56758 0 7685 22088 404314 546366691 2247835 1651 2005659391 2005659391 0 28999701 2210 1.000000 5079 0 0 0 36 2957 0 0 0 0 0 0 0 0 0 0 0 0 0
